-1.000000 12.183269  9.525902 -1.000000 -1.000000  6.035167 11.081160 -1.000000 -1.000000  8.868731 16.190065 13.035755 -1.000000  8.127911 -1.000000 -1.000000 11.160397 -1.000000 -1.000000  7.799549
10.560176 -1.000000  8.563937 -1.000000  9.422885 -1.000000 -1.000000 -1.000000 13.674624 -1.000000 10.115326 10.852871 11.710068 -1.000000 -1.000000 -1.000000  9.349321 -1.000000 -1.000000  8.950215
12.727575 -1.000000 -1.000000 -1.000000 -1.000000  9.933339  9.588537 -1.000000 12.642060  6.647129 -1.000000 -1.000000  8.633217 -1.000000 -1.000000 -1.000000 -1.000000 -1.000000 -1.000000 11.805313
12.947093 -1.000000 10.546372 -1.000000 -1.000000  9.837804 -1.000000 -1.000000 -1.000000 -1.000000 -1.000000 11.478252 12.653763  7.531600 -1.000000 -1.000000 -1.000000 -1.000000 -1.000000 10.334005
15.074171  7.264682 -1.000000 12.438861 -1.000000  8.874460  7.306197 -1.000000 11.332063  8.234180 -1.000000 -1.000000  6.886475 -1.000000 -1.000000 -1.000000 -1.000000 -1.000000 -1.000000 -1.000000
 9.966564 10.148926 -1.000000 10.661961 11.930236 -1.000000 13.157856 -1.000000 -1.000000 -1.000000 10.573900 10.053960  9.926380 -1.000000 -1.000000 -1.000000 -1.000000 -1.000000 -1.000000  7.001196
-1.000000  8.815374 -1.000000 10.419127  9.085409 -1.000000 -1.000000 -1.000000 10.554870 -1.000000 10.735198 -1.000000 -1.000000 12.534793 -1.000000 -1.000000  8.356292 -1.000000 -1.000000 10.714564
 9.072350 -1.000000 -1.000000 -1.000000 12.355756 -1.000000  8.093115 -1.000000 -1.000000  8.846050 11.559561  8.492966 -1.000000 11.511194 -1.000000 16.595235 12.960090 -1.000000 -1.000000  8.710458
-1.000000 -1.000000 -1.000000 10.847047  9.443950 -1.000000 -1.000000 -1.000000 -1.000000 11.303874 -1.000000 -1.000000  7.500323 11.102726 -1.000000 -1.000000 13.485713 -1.000000 -1.000000 -1.000000
-1.000000 11.661231 -1.000000 -1.000000 -1.000000  9.559154 -1.000000 -1.000000  6.169917 -1.000000  7.894084 -1.000000 -1.000000 -1.000000 -1.000000 -1.000000 -1.000000 -1.000000 -1.000000 -1.000000
13.108785 -1.000000 10.625019  8.916862 10.579662 -1.000000  7.943968 10.519621  9.307099  8.496112 -1.000000  9.069661  9.715746 11.672200 -1.000000 -1.000000 11.500213 -1.000000 -1.000000 -1.000000
-1.000000 -1.000000 12.629894 11.314511 -1.000000 -1.000000 -1.000000 -1.000000 -1.000000 -1.000000 -1.000000 -1.000000 -1.000000 -1.000000 -1.000000 -1.000000 -1.000000 -1.000000 -1.000000 -1.000000
 5.695162  5.613523 10.909261  7.949502  5.597611  8.963761 -1.000000 -1.000000  9.994148 -1.000000  9.063196 -1.000000 -1.000000  7.944484 -1.000000 -1.000000 -1.000000 -1.000000 -1.000000 -1.000000
-1.000000 -1.000000 -1.000000 -1.000000 -1.000000 -1.000000 -1.000000 -1.000000 -1.000000 -1.000000 -1.000000  6.312608 -1.000000 -1.000000 16.816502 -1.000000  8.542851 -1.000000 10.287444 11.567213
-1.000000 11.564926 -1.000000 -1.000000 -1.000000  7.770764  9.588497 -1.000000 11.437925 -1.000000 14.726400 -1.000000  8.870947 -1.000000 -1.000000 -1.000000 12.710624 -1.000000 -1.000000 -1.000000
 8.667034  8.322221 10.758106 -1.000000  4.538518 -1.000000 -1.000000 -1.000000 12.380037 11.411247 -1.000000  8.799897 -1.000000 -1.000000 -1.000000 -1.000000 -1.000000 -1.000000 -1.000000 10.122500
-1.000000  9.342629  9.246672 -1.000000 12.014651  9.286082 -1.000000 -1.000000  8.693855 11.351551 -1.000000 14.161156 -1.000000 -1.000000 -1.000000 -1.000000 -1.000000 11.702256 -1.000000 -1.000000
-1.000000 10.524214 -1.000000 10.033372 12.043148  9.405188 10.971861 -1.000000 -1.000000  8.937857 -1.000000 12.046066  8.992984 10.827914 -1.000000 -1.000000 11.394174 -1.000000 -1.000000  8.112359
-1.000000 -1.000000  5.922090  9.638118 -1.000000 10.619022  8.743265 -1.000000 -1.000000  6.853906  8.636055 -1.000000 11.903426  8.250612 -1.000000 -1.000000 -1.000000 -1.000000 -1.000000 -1.000000
 7.563694 -1.000000  7.491967 11.010584 -1.000000 -1.000000  7.396237 -1.000000 -1.000000 -1.000000  8.437201 -1.000000 -1.000000  9.235994 -1.000000 -1.000000 10.031465 -1.000000 -1.000000 -1.000000
