-1.000000  6.028248 -1.000000 12.661053 11.323884 10.576602 -1.000000 -1.000000 -1.000000 -1.000000  9.442908 -1.000000  6.143243 -1.000000 11.300440 -1.000000 -1.000000  5.106977 10.027295  7.732412 10.431920 10.388044 -1.000000 -1.000000 -1.000000 -1.000000 14.701883 -1.000000 12.764374 -1.000000 -1.000000  9.190362  8.844994  6.597798 12.256569 -1.000000 -1.000000 13.891668 -1.000000 -1.000000 10.731942  8.472647 -1.000000  9.763793  4.822249 -1.000000 -1.000000 -1.000000 10.407395 -1.000000
 8.975081 -1.000000 -1.000000 13.005760  9.458321 -1.000000 13.402634 -1.000000 -1.000000 -1.000000 -1.000000 11.270528 -1.000000 -1.000000  9.812191 -1.000000 -1.000000 11.480639  9.241717 13.551869 -1.000000  9.789200 -1.000000 -1.000000 -1.000000  9.869759 -1.000000 -1.000000 -1.000000 11.483737 10.235170  9.881055 10.547054 13.160599 10.181425 -1.000000  8.496079 12.353036 -1.000000 -1.000000 -1.000000 14.209237 -1.000000 12.797313 -1.000000 -1.000000 -1.000000 -1.000000 -1.000000 11.708341
-1.000000 12.029510 -1.000000  9.438976 10.118329 13.195875  7.928831 -1.000000 -1.000000 -1.000000  6.100957 10.764485 10.329127 -1.000000 -1.000000 -1.000000 -1.000000 13.459599 -1.000000 -1.000000 10.100194 -1.000000 -1.000000 -1.000000 -1.000000 11.802300  9.959171 -1.000000  9.028711 13.152081 -1.000000 12.434789 -1.000000  7.487150 -1.000000 -1.000000 -1.000000 13.024927 -1.000000 -1.000000 -1.000000 -1.000000 -1.000000 11.692880 -1.000000 -1.000000 -1.000000 -1.000000 -1.000000 -1.000000
 4.418676 -1.000000 -1.000000 -1.000000 10.722097 -1.000000 11.314047 -1.000000 -1.000000 -1.000000  8.998299 -1.000000 -1.000000 -1.000000 -1.000000  9.350393 -1.000000 12.090412 -1.000000 -1.000000 11.888808  9.658585 -1.000000  8.040628 -1.000000 -1.000000 -1.000000 -1.000000 14.718617 13.190966 -1.000000 12.207395 10.355550  6.916224 -1.000000 -1.000000 -1.000000 -1.000000 -1.000000 -1.000000 -1.000000  6.999016 -1.000000 -1.000000 16.190462 -1.000000 12.948114 -1.000000  8.243458  9.262071
-1.000000 -1.000000 -1.000000 -1.000000 -1.000000 10.850804 -1.000000 17.383037 -1.000000 15.218948 -1.000000  9.008823 -1.000000 -1.000000 10.005540 13.361588 -1.000000 10.937552 -1.000000 11.793520 12.359802 -1.000000 -1.000000  8.891949 -1.000000 -1.000000  9.262366 -1.000000 12.476962  7.557408 -1.000000 -1.000000 11.187628  7.160871 10.498392 -1.000000 -1.000000 -1.000000 10.380309 -1.000000 -1.000000 -1.000000 -1.000000  5.931896  8.754342 -1.000000 -1.000000 -1.000000  9.907245  9.335225
-1.000000 -1.000000 -1.000000 12.767125 -1.000000 -1.000000 -1.000000 -1.000000 -1.000000 -1.000000 -1.000000 10.644333 -1.000000 -1.000000 -1.000000 11.847403 -1.000000 -1.000000  6.188060 -1.000000 11.359759  7.890372 -1.000000  7.877996 -1.000000  9.163465 -1.000000 -1.000000  7.744192 12.126976  8.496979  8.864404 -1.000000 -1.000000 11.195716 -1.000000  9.743826 14.415199 -1.000000 -1.000000  7.417636 -1.000000 -1.000000 -1.000000  7.500837 -1.000000 -1.000000 -1.000000 11.183552  8.190342
 6.245241 -1.000000 -1.000000  6.555039 11.889604 14.234604 -1.000000 -1.000000 -1.000000 -1.000000 13.098401  9.472710 11.372373 -1.000000  9.865047 -1.000000 -1.000000 -1.000000 12.809686 12.661283 12.746095 -1.000000 -1.000000 -1.000000 -1.000000  9.194421 -1.000000 -1.000000 -1.000000 13.056097 -1.000000 -1.000000  5.870176  9.277943 10.637770 -1.000000 -1.000000 -1.000000 -1.000000 -1.000000 11.216267 12.496380 -1.000000  8.743267 -1.000000 -1.000000 -1.000000 -1.000000 -1.000000 -1.000000
13.284505 -1.000000 -1.000000  8.427679  9.762422 -1.000000 12.861860 -1.000000 17.905347 -1.000000 -1.000000 11.086059 14.207182 10.850241 -1.000000 -1.000000 -1.000000 -1.000000 -1.000000 -1.000000 -1.000000 10.831877 -1.000000 -1.000000 -1.000000 10.225106 10.200785 -1.000000 13.692905  6.806361 -1.000000 -1.000000 13.234798 -1.000000  8.586492 -1.000000 10.103609 11.831051 -1.000000  8.298183  8.507603  8.937325 -1.000000 10.165209 -1.000000 -1.000000 -1.000000 -1.000000 13.381327  7.643970
10.496446 11.461752 -1.000000 -1.000000  6.520977 -1.000000  9.442574 -1.000000 -1.000000 11.548337 12.043202 -1.000000 -1.000000 -1.000000  8.569784 11.295852 -1.000000 -1.000000 -1.000000 -1.000000 -1.000000 -1.000000 -1.000000 -1.000000 -1.000000  8.750314 -1.000000 -1.000000 -1.000000 10.732926  9.824041  9.449310 -1.000000 -1.000000 12.574300 -1.000000 -1.000000 -1.000000 -1.000000 -1.000000  6.065892 -1.000000 -1.000000 -1.000000  5.950623 -1.000000  7.990316 -1.000000 -1.000000  8.446118
 9.723923 12.645282 -1.000000 12.551324 12.846447  5.099277 11.227234 -1.000000 -1.000000 -1.000000 -1.000000 11.617610 -1.000000 -1.000000 -1.000000  9.937951 -1.000000 11.301101 -1.000000 -1.000000 -1.000000  9.363755 -1.000000 12.013487 -1.000000  9.703791  8.455277 -1.000000 -1.000000 11.593150 -1.000000  7.398192 -1.000000  6.733952 -1.000000 -1.000000 10.601781 12.641845 -1.000000 -1.000000  9.733578 -1.000000 13.752850 10.121859 -1.000000 -1.000000 -1.000000 -1.000000  5.897685  8.943141
-1.000000  9.238582 16.280867 -1.000000 -1.000000 11.063267 -1.000000 -1.000000 -1.000000 -1.000000 -1.000000 -1.000000 -1.000000 -1.000000  9.237434 -1.000000 -1.000000 -1.000000 -1.000000 10.843661 -1.000000 10.944665 -1.000000  7.567035 -1.000000 -1.000000  8.869607 -1.000000  8.224566  7.710182 -1.000000 -1.000000 -1.000000 -1.000000 12.011637 -1.000000 11.777952 -1.000000  9.292758 -1.000000 11.037247 10.774768 -1.000000  9.480020  7.867767 -1.000000 10.957160 -1.000000 -1.000000 -1.000000
-1.000000 11.947172 -1.000000  9.273177 -1.000000 -1.000000 -1.000000 -1.000000 -1.000000 -1.000000  6.823122 -1.000000 -1.000000 -1.000000 14.051418 -1.000000 -1.000000 11.047773  7.171503 -1.000000 -1.000000 11.153723 -1.000000 10.773368 -1.000000 -1.000000 -1.000000 -1.000000  8.720465 -1.000000 10.795065 -1.000000 -1.000000 10.170797 -1.000000 -1.000000 -1.000000  9.215471 -1.000000 -1.000000 12.674986 -1.000000 -1.000000  7.964626  7.397524 -1.000000  6.396278 -1.000000 10.575057 -1.000000
-1.000000  8.812299 -1.000000 -1.000000 -1.000000 -1.000000 11.990130 -1.000000 -1.000000 -1.000000 10.603147 -1.000000 -1.000000 -1.000000  8.560296 -1.000000 -1.000000  9.864869 -1.000000 -1.000000  8.438211 -1.000000 -1.000000  8.177317 -1.000000 -1.000000 -1.000000 -1.000000 -1.000000 10.727576  6.680469 -1.000000 -1.000000 -1.000000 -1.000000 -1.000000 13.481666 -1.000000 -1.000000 -1.000000 -1.000000 -1.000000 -1.000000 -1.000000 -1.000000 15.397709 -1.000000 -1.000000  9.351255  9.732589
-1.000000  6.180141 -1.000000 10.808289  8.943904 10.843524 -1.000000 -1.000000 -1.000000 -1.000000  6.440815 -1.000000 12.240963 -1.000000 -1.000000 11.594769 -1.000000 -1.000000 10.609087 11.358249 -1.000000 -1.000000 -1.000000 -1.000000 -1.000000 11.139666 -1.000000 -1.000000 11.051679 -1.000000 12.032045 -1.000000 -1.000000 -1.000000  7.504441 -1.000000 11.258893  8.998645 13.208033 -1.000000 -1.000000 -1.000000 -1.000000 11.653750 12.726393 -1.000000 -1.000000 -1.000000 -1.000000 -1.000000
 8.566173  9.730513 -1.000000 -1.000000 -1.000000  9.921488  8.045452 -1.000000 -1.000000 -1.000000  8.749948  8.510902 -1.000000 -1.000000 -1.000000 -1.000000 -1.000000 11.358300 -1.000000 -1.000000 -1.000000 -1.000000 -1.000000 -1.000000 -1.000000 -1.000000 -1.000000 -1.000000  8.040667 12.714169 -1.000000  9.105420 -1.000000 11.339169 -1.000000 -1.000000 10.567412  8.639118 -1.000000 -1.000000 -1.000000 12.449408 -1.000000 -1.000000 11.132039 -1.000000 10.297817 -1.000000 10.152750 13.003405
 7.390019 -1.000000 -1.000000 -1.000000  8.966057  7.568162 10.955642 -1.000000 -1.000000 -1.000000 12.192118 -1.000000 10.462147 -1.000000  9.788578 -1.000000 12.442019 11.811236 12.293850 11.859645 11.742141 -1.000000 -1.000000 -1.000000 -1.000000  6.936729 11.485234 -1.000000 -1.000000 -1.000000 -1.000000 -1.000000 12.816546 14.946713 -1.000000 -1.000000  8.530178 11.157804  8.769875 -1.000000  5.997142 10.176571 -1.000000 -1.000000 -1.000000 -1.000000 -1.000000 -1.000000 -1.000000 11.963206
 7.017734 -1.000000 -1.000000 -1.000000 -1.000000 -1.000000  9.726172 -1.000000 -1.000000 -1.000000 -1.000000 12.960746 -1.000000 -1.000000 -1.000000 -1.000000 -1.000000 10.627633  5.826248 10.727092  8.664817 -1.000000 -1.000000  9.349343 -1.000000 10.685273  9.712111 -1.000000 -1.000000  7.256541 11.611904 11.633454  9.911358 -1.000000 -1.000000 -1.000000 -1.000000 -1.000000 12.834160 19.991343  9.685331  9.316698 -1.000000  6.277874 11.092128 -1.000000  9.689828 14.659151 -1.000000  7.446138
-1.000000 -1.000000 -1.000000 -1.000000 -1.000000 13.483851 10.337684 -1.000000 -1.000000 -1.000000 -1.000000  7.778516  6.371220 -1.000000 -1.000000 -1.000000 -1.000000 -1.000000 -1.000000 -1.000000  7.783220 11.357082 17.322454  8.197771 -1.000000 -1.000000  7.360572 -1.000000 -1.000000 -1.000000 15.455819 -1.000000 10.619906  8.525695 -1.000000 -1.000000 -1.000000 10.248658 13.101086 -1.000000  6.583624 -1.000000 -1.000000 -1.000000 12.128548 -1.000000 -1.000000 -1.000000 -1.000000  9.053476
-1.000000  5.720073 -1.000000 11.231807 -1.000000  9.923742 -1.000000 -1.000000 -1.000000 -1.000000 -1.000000 13.498816  9.257127 -1.000000 -1.000000 -1.000000 -1.000000 13.531479 -1.000000 -1.000000 12.488017 -1.000000 -1.000000 -1.000000 -1.000000 -1.000000  7.586641 18.269115  8.179767  8.886110 10.787519  7.233325  8.872282 -1.000000 10.891086 -1.000000 -1.000000 13.688684 -1.000000 -1.000000 -1.000000  7.862283 -1.000000 11.657835  8.111828 10.215721 -1.000000 -1.000000  7.522435  8.911195
-1.000000  9.876860 -1.000000 -1.000000 11.300639 -1.000000 -1.000000 -1.000000 -1.000000 -1.000000 -1.000000 14.244044 10.000188 -1.000000 -1.000000 13.389797 -1.000000 -1.000000 -1.000000 -1.000000 -1.000000  9.931312 -1.000000  6.765788 -1.000000 10.865722 -1.000000 -1.000000 -1.000000 13.265030  7.373405 10.513641 10.590439 11.775425 -1.000000 11.159853 10.038105 -1.000000 12.540768 -1.000000 -1.000000 -1.000000 -1.000000 -1.000000 11.021340 -1.000000 -1.000000 -1.000000  9.231709 -1.000000
 8.554009 -1.000000 -1.000000  8.079011 -1.000000 -1.000000 -1.000000 -1.000000 -1.000000 -1.000000 -1.000000  8.296505  9.268858 -1.000000  9.362894 10.889797 -1.000000 -1.000000  7.407627 -1.000000 -1.000000 -1.000000 -1.000000 -1.000000 -1.000000 10.515001 13.740651 -1.000000 -1.000000 -1.000000  8.306145  9.156933  9.376583 -1.000000 12.596528 -1.000000 12.080983 -1.000000 11.176783 -1.000000 -1.000000 11.833392 -1.000000  8.144517 11.725442 -1.000000  8.620692 -1.000000 -1.000000 -1.000000
 9.678512 12.905214 -1.000000  7.793396  8.882582 -1.000000 11.354171 -1.000000 -1.000000 -1.000000 -1.000000 -1.000000 10.338422 -1.000000  9.612520 10.658078 -1.000000 -1.000000 14.573848 10.862076 -1.000000 -1.000000 -1.000000 -1.000000 12.527427 11.072574 -1.000000 -1.000000  9.888284 -1.000000 -1.000000  8.262992 -1.000000 -1.000000 -1.000000 -1.000000  9.236743 12.088295 -1.000000 -1.000000 11.576384 -1.000000 -1.000000  8.485320  8.388891 -1.000000 13.512335 -1.000000 10.252735 -1.000000
 8.042185 11.890608 -1.000000 -1.000000 -1.000000 10.440113  9.761576 -1.000000 -1.000000 -1.000000 10.600422 11.023172 -1.000000 -1.000000 11.144596 10.064147 -1.000000 -1.000000 -1.000000 11.279330  9.682954 -1.000000 -1.000000 -1.000000 -1.000000 13.554390 -1.000000 -1.000000  9.755524 11.016035 10.481160 -1.000000 -1.000000 -1.000000 -1.000000 -1.000000 -1.000000 -1.000000 -1.000000 -1.000000 -1.000000 14.701299 -1.000000 -1.000000 10.800639 -1.000000  9.923618 -1.000000  9.889541 12.492673
12.719672  5.746646 -1.000000  9.341538 -1.000000 -1.000000 11.723024 -1.000000 -1.000000 -1.000000 -1.000000 -1.000000  5.761318 -1.000000  7.828713 14.477408 -1.000000  9.531809 10.606728 -1.000000 12.249543 13.027453 -1.000000 -1.000000 -1.000000  9.864616  8.939780 -1.000000 -1.000000 14.835233 -1.000000 14.440073 -1.000000 -1.000000 -1.000000 -1.000000 12.556047 11.392546 12.392698 -1.000000 10.023155 12.720151 -1.000000 11.576184 -1.000000 -1.000000 -1.000000 15.611350 -1.000000 10.289545
15.465272 -1.000000 -1.000000 -1.000000 -1.000000  9.790621 -1.000000 -1.000000 -1.000000 -1.000000  7.455154  8.939769  6.852477 -1.000000 -1.000000  6.589471 -1.000000 -1.000000 -1.000000  6.421914 -1.000000 -1.000000 -1.000000 -1.000000 -1.000000 -1.000000 10.865732 -1.000000 10.188969  8.263831  9.201088 -1.000000 -1.000000 -1.000000 10.545376 -1.000000  8.602903 -1.000000  3.461581 -1.000000 -1.000000 13.718076 -1.000000 -1.000000 -1.000000 -1.000000  4.843546 -1.000000 -1.000000  7.527139
-1.000000 10.943028 -1.000000 10.611762 10.888973  9.333168 -1.000000 -1.000000 -1.000000 -1.000000 12.121692 -1.000000 -1.000000 -1.000000 -1.000000 -1.000000 -1.000000 -1.000000 -1.000000 -1.000000 -1.000000  8.705182 -1.000000  6.982209 -1.000000 -1.000000 12.607331 -1.000000 -1.000000 -1.000000 -1.000000 -1.000000 14.088678 -1.000000  6.128627 -1.000000 -1.000000 10.086466 12.244872 -1.000000  8.473217 -1.000000 -1.000000 -1.000000 10.045093 -1.000000  9.876300 -1.000000 -1.000000 -1.000000
-1.000000 -1.000000 -1.000000  7.481725 11.709722 -1.000000 10.649158 -1.000000 -1.000000 -1.000000 -1.000000 -1.000000  9.887895 -1.000000 -1.000000 -1.000000 -1.000000  8.669170 12.810422  6.811253 16.475262 13.828362 -1.000000  9.136607 -1.000000 -1.000000 -1.000000 -1.000000 -1.000000 -1.000000  8.664548 15.974164 10.072573  8.827806 10.197980 -1.000000 -1.000000 11.692843 -1.000000 -1.000000 12.384197 10.361520 -1.000000  7.452458 -1.000000 -1.000000 -1.000000 -1.000000  7.947744 -1.000000
 6.674319 11.371706 -1.000000 10.591246 -1.000000 -1.000000 -1.000000 -1.000000 -1.000000 -1.000000 -1.000000 -1.000000 -1.000000 -1.000000 -1.000000 -1.000000 -1.000000  8.548069 10.855103  8.732100  7.894364 10.395286 -1.000000 -1.000000 -1.000000 -1.000000 10.907725 -1.000000 -1.000000 -1.000000 11.939425 13.036543  9.339216 -1.000000 11.933533 -1.000000  8.050891 11.661665 -1.000000 -1.000000 -1.000000 -1.000000 -1.000000 -1.000000 -1.000000 -1.000000  9.906689 -1.000000 10.960592  8.993562
11.123068 -1.000000 -1.000000 10.694566 13.796576 -1.000000 11.276437 -1.000000 -1.000000 -1.000000 -1.000000  8.843834 -1.000000 -1.000000 -1.000000 11.443027 -1.000000 -1.000000 -1.000000 -1.000000  9.959670 11.273782 -1.000000  9.480590 -1.000000 -1.000000 -1.000000 -1.000000 -1.000000 -1.000000 -1.000000 12.869496 -1.000000 -1.000000  7.711352 -1.000000 -1.000000 11.236431 11.527631 -1.000000 -1.000000  8.761294 -1.000000 -1.000000 -1.000000 -1.000000  8.737741 -1.000000 10.180162 -1.000000
10.586307 -1.000000 -1.000000  8.242196  9.263030 -1.000000 -1.000000 16.134057 -1.000000 -1.000000 11.408601 -1.000000 10.657473 -1.000000 10.580041  9.601602 -1.000000  9.684848 -1.000000 -1.000000 11.380383 12.046413 -1.000000  9.359113 -1.000000 -1.000000 12.347997 -1.000000 13.516795 -1.000000 11.028317 10.851862 -1.000000 12.676048 -1.000000 -1.000000 12.084508 -1.000000  6.655955 -1.000000 11.739235 -1.000000 14.740307 -1.000000  7.647477 -1.000000 11.241700 -1.000000  9.828065  9.997753
11.395753  8.067275 -1.000000  9.394500 -1.000000 -1.000000 -1.000000 -1.000000 -1.000000 -1.000000 -1.000000 11.131174 -1.000000 -1.000000 -1.000000 -1.000000 -1.000000 -1.000000 -1.000000 10.868218 -1.000000 -1.000000 -1.000000  7.995523 -1.000000  9.339511 -1.000000 -1.000000 -1.000000 -1.000000 -1.000000 -1.000000 10.486610 -1.000000 -1.000000 -1.000000 -1.000000 -1.000000  9.976349 -1.000000  9.812330 -1.000000 -1.000000  9.737254  8.735602 -1.000000  8.561703 -1.000000 -1.000000 -1.000000
11.950266 -1.000000 11.109091 -1.000000 -1.000000 12.472705 -1.000000 -1.000000 -1.000000 -1.000000 10.309043  8.951773 10.574731 12.694022 -1.000000  6.133665 -1.000000 -1.000000 -1.000000  8.420563 -1.000000  4.714971 -1.000000  8.610602 -1.000000 -1.000000 -1.000000 -1.000000 11.520844 -1.000000 13.017861 -1.000000 -1.000000  7.309163 -1.000000 -1.000000 -1.000000  9.222116 -1.000000 -1.000000 -1.000000 10.143653 -1.000000 -1.000000 11.145870 -1.000000 13.620574 -1.000000  8.248617 10.484359
12.432551 -1.000000 -1.000000 -1.000000 11.519817 -1.000000 10.808638 -1.000000 -1.000000 -1.000000 -1.000000 -1.000000 -1.000000 -1.000000 10.077580  7.296806 -1.000000 -1.000000 -1.000000 12.143521 10.556676 -1.000000 -1.000000 -1.000000 -1.000000 -1.000000 12.074360 -1.000000 12.036434 12.585761 -1.000000 -1.000000 -1.000000 -1.000000  9.963761 -1.000000 12.242663 -1.000000 -1.000000 -1.000000 -1.000000 -1.000000 -1.000000 10.125054 -1.000000 -1.000000 -1.000000 -1.000000 -1.000000 10.009177
-1.000000  8.612356 -1.000000 11.034447 -1.000000 11.036928 12.695745 -1.000000 -1.000000 -1.000000 -1.000000 -1.000000 -1.000000 -1.000000 -1.000000 10.568516 -1.000000  9.134783 10.490651 11.744676  9.528495  5.675753 -1.000000  6.900549 -1.000000  8.794053 11.467980 -1.000000 10.903183 -1.000000 -1.000000 -1.000000 -1.000000 -1.000000 10.940406 -1.000000  8.739639  9.245966 11.731815 -1.000000 13.266170 -1.000000 -1.000000 11.178600 -1.000000 -1.000000 -1.000000 -1.000000 -1.000000  5.925085
-1.000000 -1.000000 -1.000000 -1.000000 -1.000000 12.236980 -1.000000 -1.000000 -1.000000 -1.000000  9.137962 -1.000000 -1.000000 -1.000000 -1.000000 -1.000000 -1.000000 -1.000000  9.574063 10.377483 -1.000000 12.704043 -1.000000 11.129408 -1.000000 10.743949 -1.000000 -1.000000 -1.000000 -1.000000 -1.000000 12.763652 -1.000000  9.217699 -1.000000 -1.000000 12.144827 11.717831  7.317987 -1.000000  4.632994 -1.000000 -1.000000 -1.000000  6.120936 -1.000000  8.811947 -1.000000 10.397096 -1.000000
-1.000000 11.062796 -1.000000  9.131954 11.698213 -1.000000  9.618416 -1.000000 -1.000000 -1.000000 11.197151  8.420382 10.776447 -1.000000 10.208040 -1.000000 16.189728 12.186182 -1.000000  8.329537 -1.000000 -1.000000 -1.000000 11.183591 -1.000000  9.911463 -1.000000 -1.000000 -1.000000 -1.000000  8.844897 -1.000000  8.756018 -1.000000  8.876899 -1.000000 10.967793  9.568542 -1.000000 -1.000000 -1.000000  9.887940 -1.000000 10.847447 -1.000000 -1.000000 -1.000000 -1.000000 11.484724 -1.000000
-1.000000 -1.000000 -1.000000 12.828546 -1.000000 -1.000000 10.770017 -1.000000 -1.000000 -1.000000 -1.000000 -1.000000  9.429202 -1.000000 -1.000000  8.181484 -1.000000 -1.000000 11.313272 -1.000000  5.498794  7.982602 -1.000000 10.194955 -1.000000 -1.000000 -1.000000 12.098779  9.626119 12.616780  8.132230 -1.000000  8.777975  6.120771 11.904191 23.611850 -1.000000 -1.000000 10.993407 -1.000000  9.984044 -1.000000 -1.000000 -1.000000 -1.000000 -1.000000 -1.000000 -1.000000 -1.000000 -1.000000
10.032159 -1.000000 -1.000000 10.466166 10.559399  8.759284  8.219098 -1.000000 -1.000000 -1.000000 -1.000000 10.840893 15.056120 -1.000000  8.416731 10.757372 -1.000000 -1.000000 11.243036 13.404077 -1.000000 -1.000000 11.906715 -1.000000 -1.000000 -1.000000  7.516441 -1.000000 -1.000000  8.731047  6.980482  8.161813  9.704208 10.226203 10.485469 -1.000000  9.132450 -1.000000  9.043813 -1.000000 15.416304 12.909218 -1.000000 -1.000000  9.875282 -1.000000 11.862181 -1.000000 -1.000000 -1.000000
-1.000000 -1.000000 -1.000000 -1.000000 10.068372 12.387097 11.462533 -1.000000 -1.000000 -1.000000 11.660893 12.218340  9.236569 -1.000000  9.231201  8.884156 -1.000000 12.030859 10.432285 11.660921 -1.000000  9.842611 -1.000000 11.282907 -1.000000 10.233110 -1.000000 -1.000000 -1.000000  9.580344 -1.000000 -1.000000 13.205393  9.947748 -1.000000 -1.000000 -1.000000  8.296797 -1.000000 -1.000000 11.162760 -1.000000 -1.000000 -1.000000 12.038935 -1.000000 -1.000000 -1.000000 -1.000000 -1.000000
 9.430284 12.461169 -1.000000 -1.000000  8.734196 -1.000000 -1.000000 -1.000000 -1.000000 -1.000000  9.684154  8.729716  9.914802 -1.000000  9.399851  9.005815 -1.000000 -1.000000 -1.000000 12.262642  8.014433 11.741332 -1.000000 -1.000000 21.772911 -1.000000 -1.000000 -1.000000  7.809476  8.087782 -1.000000 -1.000000 10.042939 -1.000000 -1.000000 -1.000000 -1.000000 -1.000000 -1.000000 -1.000000  8.776857  9.024009 -1.000000  7.662823 -1.000000 -1.000000 10.597438 -1.000000 10.243632 11.394459
-1.000000 -1.000000 -1.000000 -1.000000  9.686998 10.836263 -1.000000 -1.000000 -1.000000 -1.000000  8.194343 -1.000000 -1.000000 -1.000000  9.619345 -1.000000 -1.000000  9.232930 -1.000000 -1.000000 10.552701 -1.000000 -1.000000 13.557037 -1.000000 12.568893  9.159901 -1.000000  6.568436 -1.000000 -1.000000  9.102896  9.998727 12.441825 10.720984 -1.000000 10.919777 -1.000000 -1.000000 -1.000000 -1.000000 -1.000000 -1.000000 -1.000000 12.319543 -1.000000 -1.000000 -1.000000 11.538711 -1.000000
-1.000000 -1.000000 -1.000000 11.784193 -1.000000 -1.000000 10.310589 -1.000000 -1.000000 -1.000000 12.891179 12.028410 -1.000000 -1.000000  9.209215 -1.000000 -1.000000 -1.000000 -1.000000  8.656688  8.622847 -1.000000 -1.000000  7.308476 -1.000000  9.962291 11.232267 -1.000000 13.744848  8.661531 -1.000000  7.232613 -1.000000 -1.000000 -1.000000 -1.000000 -1.000000 -1.000000 10.528790 -1.000000 11.368728 -1.000000 -1.000000  9.429527 -1.000000 -1.000000  9.285440 -1.000000  8.818325 10.965835
-1.000000 -1.000000 -1.000000 -1.000000  9.975045 -1.000000 -1.000000 -1.000000 -1.000000 -1.000000 -1.000000 -1.000000  9.854953 -1.000000 -1.000000 -1.000000 -1.000000  9.008048 12.439793 -1.000000 13.268398 -1.000000 -1.000000 -1.000000 -1.000000 12.750448 -1.000000 -1.000000 -1.000000 -1.000000  8.200758 -1.000000  7.994251 -1.000000 -1.000000 -1.000000 13.499659 -1.000000 -1.000000 -1.000000 -1.000000  6.985985 -1.000000  9.891159 -1.000000 -1.000000 -1.000000 -1.000000 -1.000000 -1.000000
-1.000000 12.197289 -1.000000 -1.000000 -1.000000  7.039695 -1.000000 -1.000000 -1.000000 -1.000000  8.566737 -1.000000 15.848090 -1.000000 -1.000000 -1.000000 -1.000000 10.395348  9.109419 13.616710 -1.000000 -1.000000 -1.000000 11.049275 -1.000000  9.136589  9.425396 -1.000000 -1.000000 -1.000000 -1.000000  9.360446  8.872541  8.784708 -1.000000 -1.000000  7.083261 -1.000000 11.121287 -1.000000 -1.000000  6.153396 -1.000000 -1.000000 -1.000000 -1.000000 10.369997 -1.000000 -1.000000 -1.000000
-1.000000  8.608910 -1.000000 -1.000000  8.813266 -1.000000  6.538188 -1.000000 -1.000000 -1.000000 14.277032  8.728405 -1.000000 -1.000000  7.785435 -1.000000 -1.000000 -1.000000 10.275221 -1.000000 -1.000000  4.771615 -1.000000 -1.000000 -1.000000 -1.000000 11.283690 -1.000000 -1.000000 -1.000000 -1.000000 12.034728 -1.000000  9.061498 -1.000000 -1.000000 -1.000000 10.682774  8.248325 -1.000000 -1.000000 10.541856 -1.000000  9.855119 -1.000000 -1.000000  9.728702 -1.000000 -1.000000 -1.000000
10.461006 -1.000000 -1.000000  9.804850 -1.000000  7.970754 -1.000000 -1.000000 -1.000000 -1.000000 10.848593 10.466177 -1.000000 -1.000000 -1.000000  3.327316 -1.000000 -1.000000  7.445740 -1.000000 -1.000000 -1.000000 -1.000000 -1.000000 -1.000000 -1.000000  9.242215 -1.000000 -1.000000 12.370052 10.787563 -1.000000 -1.000000 -1.000000  8.344863 -1.000000 -1.000000  8.871772 -1.000000 -1.000000 -1.000000  7.376615 -1.000000 -1.000000 -1.000000 -1.000000  9.043073 -1.000000 11.972305  7.188001
-1.000000  7.208452 -1.000000 -1.000000 -1.000000 10.471846 -1.000000 -1.000000 -1.000000 -1.000000 -1.000000 -1.000000 -1.000000 -1.000000 11.093641 10.386317 -1.000000  9.963157  9.840396 13.051259 -1.000000 -1.000000 -1.000000 -1.000000 -1.000000 -1.000000 -1.000000 -1.000000 -1.000000 -1.000000 -1.000000  8.293417 -1.000000 -1.000000  9.860782 -1.000000  4.228838 -1.000000  8.534935 -1.000000 -1.000000 -1.000000 -1.000000 -1.000000 11.683764 -1.000000 -1.000000 -1.000000 -1.000000 -1.000000
 8.099719 14.134370 -1.000000 -1.000000 -1.000000 11.527273 -1.000000 -1.000000 18.455988 -1.000000 11.716083 -1.000000 12.001617 -1.000000  9.589068  9.585771 -1.000000 10.513342  8.890039 -1.000000  8.223090 10.742166 -1.000000 -1.000000 -1.000000  9.194261 -1.000000 -1.000000 10.109341 -1.000000 12.410643 -1.000000 10.602669 10.082666 -1.000000 -1.000000 -1.000000 -1.000000  7.309279 -1.000000 -1.000000  9.163237 -1.000000 -1.000000 -1.000000 -1.000000 -1.000000 -1.000000  9.953617 11.364534
12.321962 -1.000000 -1.000000 -1.000000  9.776819  7.849850  7.882403 -1.000000 -1.000000 -1.000000 -1.000000 -1.000000 -1.000000 -1.000000 -1.000000 -1.000000 -1.000000 -1.000000 -1.000000 -1.000000 -1.000000  9.137964 -1.000000  8.640991 -1.000000 -1.000000  9.783422 -1.000000  8.880665 -1.000000 12.360555 -1.000000 -1.000000  9.801374 11.904254 -1.000000 -1.000000 -1.000000 10.096099 -1.000000 11.237427 -1.000000 -1.000000  9.464908 -1.000000 -1.000000 11.503935 -1.000000 -1.000000 -1.000000
-1.000000  9.288284 -1.000000 -1.000000 -1.000000 -1.000000 -1.000000 -1.000000 -1.000000 -1.000000 -1.000000 -1.000000 12.261680 -1.000000 10.194696  6.610445 -1.000000  9.698006  7.287408 -1.000000 -1.000000 -1.000000 -1.000000 -1.000000 -1.000000 -1.000000 -1.000000 -1.000000  7.538518 -1.000000  6.914792 -1.000000 -1.000000 11.790156 -1.000000 -1.000000 -1.000000 -1.000000 10.765412 -1.000000 -1.000000 -1.000000 -1.000000 -1.000000 -1.000000 -1.000000  9.310507 -1.000000 -1.000000 -1.000000
