-1.000000  8.967047  7.947469  9.098857 10.669255 -1.000000  8.875379  9.437758 -1.000000 -1.000000 -1.000000 -1.000000 -1.000000 -1.000000  9.286882 -1.000000 -1.000000 -1.000000 -1.000000 -1.000000 -1.000000 -1.000000 -1.000000 10.496362 -1.000000  7.203543 12.336167 -1.000000 -1.000000 -1.000000 -1.000000 -1.000000 -1.000000  7.639178  9.670965 -1.000000 -1.000000 10.839028 -1.000000 -1.000000  9.409616  6.600035 11.022709 -1.000000 12.247727 -1.000000 11.621907 -1.000000 14.769574 -1.000000 -1.000000 -1.000000 -1.000000 -1.000000  6.098042  9.102727 -1.000000 12.187296 -1.000000 -1.000000
-1.000000 -1.000000 -1.000000 -1.000000  7.457546 10.257178 -1.000000  6.237249 -1.000000 -1.000000 -1.000000 -1.000000  9.636210  9.915149  6.867273 -1.000000 11.300488 -1.000000 13.880194 12.819368 -1.000000 -1.000000 10.439684  9.307354 -1.000000 -1.000000 -1.000000 -1.000000 -1.000000 -1.000000 -1.000000 -1.000000  8.550632 -1.000000 -1.000000 11.920760 -1.000000 -1.000000 -1.000000 -1.000000 12.830522 -1.000000 10.408924 -1.000000 12.678581 -1.000000 11.487717 -1.000000 -1.000000 -1.000000 -1.000000 -1.000000 11.089707 -1.000000 12.944054  6.399087 -1.000000 10.483634  5.964002 -1.000000
10.111580 12.123262 -1.000000 -1.000000 -1.000000 11.752248 11.583017 -1.000000 12.192111 -1.000000  8.767507 -1.000000 12.123489 10.442801 -1.000000 -1.000000 11.187886  7.120644 -1.000000 -1.000000 11.715455 -1.000000 -1.000000  9.641602 -1.000000 -1.000000 12.711971 -1.000000  8.949170 -1.000000 -1.000000 -1.000000  9.463508 12.348208 -1.000000  9.917587 -1.000000 -1.000000 -1.000000 -1.000000 -1.000000 -1.000000 11.655268 -1.000000 10.989975 -1.000000 -1.000000 11.080003 10.258480 -1.000000 -1.000000 -1.000000 11.368892 -1.000000 -1.000000 -1.000000 -1.000000 -1.000000 13.238311 -1.000000
12.872475 11.666459 -1.000000 -1.000000  9.491230 10.770214 14.268896 11.126079 -1.000000 -1.000000 -1.000000 -1.000000 11.137568  7.611266 -1.000000 -1.000000 10.480269 -1.000000 -1.000000  9.017773 -1.000000 -1.000000  9.966389 -1.000000 -1.000000 11.660565 -1.000000 -1.000000 -1.000000 -1.000000 -1.000000 -1.000000  8.705450  9.514815  9.111413 10.455950 10.232855 -1.000000 11.480486 -1.000000 -1.000000  7.201724  6.699465 -1.000000 11.532101 -1.000000 10.696615 -1.000000 10.023169 -1.000000 -1.000000 -1.000000  7.275397 -1.000000 15.530921 -1.000000 -1.000000 10.323081 -1.000000 -1.000000
-1.000000 10.312048 -1.000000 -1.000000 -1.000000  9.043265 -1.000000 -1.000000 -1.000000 -1.000000 -1.000000 -1.000000 -1.000000  7.365447  9.432851 -1.000000  6.089569 -1.000000 13.460976 -1.000000 -1.000000 -1.000000 -1.000000 12.742489 -1.000000 11.606225 10.756984 -1.000000 -1.000000 -1.000000 -1.000000 -1.000000  9.972853 10.080676 -1.000000 -1.000000 -1.000000 -1.000000  9.556086 -1.000000 11.254300 -1.000000 11.712720 -1.000000 10.025830 -1.000000 12.009338 -1.000000  9.172122  9.960005 -1.000000 -1.000000  7.822358 -1.000000  8.236703 -1.000000  8.509682 -1.000000 -1.000000 -1.000000
13.535653  9.433498 -1.000000 10.362031 -1.000000 -1.000000  9.926512 -1.000000 -1.000000 -1.000000 10.969366 -1.000000 -1.000000 -1.000000  8.085664 -1.000000 -1.000000 13.059052 -1.000000  9.841680  6.872593 -1.000000 11.437339 -1.000000 -1.000000 -1.000000 -1.000000 -1.000000 10.096197 -1.000000 -1.000000 -1.000000  8.477243  3.985737  9.907432 -1.000000  8.469620  9.575690 11.965068 -1.000000 -1.000000 12.458897 -1.000000 -1.000000 -1.000000 -1.000000 -1.000000 -1.000000 -1.000000  9.483443 18.239484 -1.000000 -1.000000 -1.000000 -1.000000 -1.000000 16.056132  7.648587 -1.000000 -1.000000
-1.000000 -1.000000 12.354292  9.941832 -1.000000 -1.000000 -1.000000 -1.000000 -1.000000 -1.000000  9.329069 -1.000000  8.717681 12.890205 12.567630 -1.000000 10.556684 -1.000000 -1.000000  9.723713 11.503374 -1.000000  7.457144 13.941321 -1.000000 -1.000000 -1.000000 -1.000000 -1.000000 -1.000000 -1.000000 -1.000000 13.302396 -1.000000 -1.000000  8.306967 11.359776 -1.000000  8.879687 -1.000000 12.015246 -1.000000 12.769986 -1.000000  4.623145 -1.000000 -1.000000 10.904814  8.945970 -1.000000 -1.000000 -1.000000 11.156485 -1.000000 -1.000000 -1.000000  8.185251 -1.000000 11.487734 -1.000000
-1.000000 -1.000000 -1.000000  9.887548 -1.000000 10.144526 -1.000000 -1.000000 -1.000000 -1.000000  8.034414 -1.000000 -1.000000 -1.000000 10.124488 -1.000000 -1.000000 -1.000000 -1.000000 10.003612 10.335438 -1.000000 -1.000000  6.763180 -1.000000 -1.000000  7.406397 -1.000000 -1.000000 -1.000000 -1.000000 -1.000000 -1.000000  8.009643 -1.000000  9.068442  8.811379 -1.000000 12.547606 -1.000000 -1.000000 -1.000000 -1.000000 15.371780 10.439183 -1.000000  9.483307 -1.000000 -1.000000  9.379946 -1.000000 -1.000000 -1.000000 -1.000000 10.424671 -1.000000 -1.000000 -1.000000 -1.000000 -1.000000
-1.000000 -1.000000 -1.000000 12.963355 -1.000000 10.505254 -1.000000 11.116037 -1.000000 -1.000000 10.068746 -1.000000 -1.000000 -1.000000 -1.000000 -1.000000 12.727570 10.272883 11.890348  9.751954 -1.000000 -1.000000 -1.000000 -1.000000 -1.000000 -1.000000 -1.000000 -1.000000 -1.000000 -1.000000 -1.000000 -1.000000 -1.000000 -1.000000  9.922513 12.144436 -1.000000 11.537479  5.408728 -1.000000 -1.000000  6.180589 10.868663 -1.000000 -1.000000 -1.000000  6.878390  9.960775 -1.000000 -1.000000 -1.000000 -1.000000 12.390361 -1.000000 -1.000000  8.099149 10.756820  8.095030 10.700362 -1.000000
 8.738487 12.503756 -1.000000 -1.000000 -1.000000 -1.000000 10.996177 -1.000000 -1.000000 -1.000000  7.851557 -1.000000  8.731936 11.927772  7.683569 -1.000000 -1.000000  9.812225  8.467579 -1.000000  7.072004 -1.000000  8.568967 -1.000000 -1.000000  7.493739 -1.000000 -1.000000 11.372761 -1.000000 -1.000000 -1.000000 -1.000000 10.998911  9.683175 -1.000000 -1.000000 -1.000000 10.843230 -1.000000 -1.000000 -1.000000 -1.000000 -1.000000 12.745915 -1.000000 -1.000000 -1.000000  8.148945 -1.000000 -1.000000 -1.000000 -1.000000 -1.000000 -1.000000 -1.000000  8.311322  9.517307  8.737603 -1.000000
-1.000000 -1.000000  9.788456 -1.000000 -1.000000  6.256315 -1.000000 -1.000000 -1.000000 -1.000000 -1.000000 18.352009 10.261460 12.783357 -1.000000 -1.000000 -1.000000 -1.000000 -1.000000 -1.000000 -1.000000 -1.000000 -1.000000 -1.000000 -1.000000 10.551265 12.745552 -1.000000 -1.000000 -1.000000 -1.000000 -1.000000 -1.000000 -1.000000 -1.000000  8.424789  7.823640  9.442768 -1.000000 -1.000000 -1.000000 12.057542 -1.000000 -1.000000 -1.000000 -1.000000 10.662940 -1.000000 -1.000000  8.332727 -1.000000 -1.000000 -1.000000 -1.000000 -1.000000 12.245868  8.575971 12.127426 -1.000000 -1.000000
 8.932683 -1.000000 -1.000000 10.641771 10.664766 -1.000000  5.682571  6.340815 -1.000000 -1.000000 -1.000000 -1.000000 12.429494 -1.000000 -1.000000 -1.000000  9.008750 12.753238 -1.000000  5.814732  5.620075 -1.000000  9.236983 10.736496 -1.000000 -1.000000 12.072671 -1.000000  9.837307 -1.000000 -1.000000 -1.000000 -1.000000 11.566134  9.933685 -1.000000 13.167709 14.143153  9.819006 -1.000000  8.494899 -1.000000  2.516875 -1.000000 13.846782 -1.000000  6.209827 11.392111 11.043482 -1.000000 14.641826 -1.000000 -1.000000 -1.000000 -1.000000  7.601396 -1.000000 -1.000000 -1.000000 -1.000000
 7.051075 -1.000000  8.915739 -1.000000  7.952940  9.420695 -1.000000 13.667126 -1.000000 -1.000000  6.408844 -1.000000 -1.000000 -1.000000 12.848295 -1.000000 -1.000000 -1.000000 -1.000000 12.906680 11.210482 18.358704 -1.000000 -1.000000 -1.000000  6.747791 -1.000000 -1.000000  9.274354 -1.000000 -1.000000 -1.000000 -1.000000 -1.000000  9.499483 12.415543 13.909863  8.894307 -1.000000 -1.000000  9.627314 -1.000000  6.719265 -1.000000 -1.000000 -1.000000 -1.000000 -1.000000 10.194134 -1.000000 -1.000000 -1.000000 10.072560 -1.000000 11.483719 -1.000000 10.875810  7.957218 -1.000000 -1.000000
-1.000000  9.901194  9.648312 -1.000000  8.438865  7.513907 10.356938 -1.000000 -1.000000 -1.000000 12.414586 -1.000000 -1.000000 -1.000000 -1.000000 -1.000000 -1.000000 13.811881  8.892788  6.779453 -1.000000 -1.000000  9.072952  8.280954 -1.000000 -1.000000 -1.000000 -1.000000  7.788392 -1.000000 -1.000000 -1.000000 -1.000000 -1.000000 10.498064 -1.000000  9.468577 -1.000000 -1.000000 -1.000000 -1.000000 10.416018  8.125260 -1.000000 -1.000000 -1.000000  4.027808  6.470322 10.712668  9.351376 -1.000000 -1.000000 10.550300 -1.000000 -1.000000 -1.000000  9.212108  8.374700 12.503302 -1.000000
-1.000000  6.531938 -1.000000  9.948420 12.537552 -1.000000 -1.000000 11.744310 -1.000000 -1.000000 -1.000000 -1.000000 -1.000000 -1.000000 -1.000000 -1.000000 11.651823 -1.000000 -1.000000 -1.000000 -1.000000 -1.000000 10.995739 -1.000000 -1.000000 10.523595  9.675938 -1.000000 14.472367 -1.000000 -1.000000 -1.000000  7.407213 -1.000000  9.674437 13.144479  7.672065  7.542316  7.737844 -1.000000 10.766656 -1.000000 -1.000000 -1.000000  8.882334 -1.000000 11.949747 -1.000000 -1.000000 10.833319 -1.000000 -1.000000 10.024586 -1.000000 -1.000000 -1.000000 -1.000000  8.989549  4.924715 -1.000000
 6.644792 -1.000000 -1.000000 -1.000000 -1.000000 -1.000000 10.037003 10.001184 -1.000000 14.894252  8.401177 -1.000000 -1.000000  9.132733 -1.000000 -1.000000 -1.000000  6.307250 10.242258 -1.000000 11.394658 -1.000000 -1.000000 10.568564 -1.000000  9.555581  9.096485 -1.000000 11.788045 -1.000000 -1.000000 -1.000000 -1.000000 10.433399 -1.000000  7.113321 -1.000000 -1.000000  8.806425 -1.000000  8.925963 -1.000000 11.133277 -1.000000 11.022164 -1.000000 -1.000000 12.079638  8.186718 11.448428 -1.000000 -1.000000 -1.000000 -1.000000 -1.000000  5.959647  9.597154 -1.000000 11.144345 -1.000000
-1.000000  7.597081  7.731506 -1.000000 -1.000000 -1.000000 -1.000000  7.884572 -1.000000 -1.000000 10.542057 -1.000000 10.011132 10.143024 13.869715 -1.000000 -1.000000 -1.000000  7.332037  8.234954  8.986742 -1.000000 -1.000000  9.670788 16.774021 11.370662 -1.000000 -1.000000 -1.000000 -1.000000 -1.000000 -1.000000 -1.000000 12.234517 -1.000000  9.579317 -1.000000  9.939074 -1.000000 -1.000000 10.220224 13.109070 11.948120 -1.000000 -1.000000 -1.000000 13.710823 -1.000000  8.673235 -1.000000 -1.000000 -1.000000 -1.000000 -1.000000  6.998184 -1.000000 -1.000000 -1.000000  9.293987 -1.000000
-1.000000 -1.000000  9.643850 -1.000000 12.736551 -1.000000  7.653199 -1.000000 -1.000000 -1.000000 -1.000000 -1.000000  8.546016 -1.000000 10.039491 -1.000000 11.259350 -1.000000  8.368187 -1.000000 10.307595 -1.000000 11.075476 -1.000000 -1.000000 15.012554  7.717925 -1.000000 -1.000000 -1.000000 -1.000000 -1.000000 -1.000000 -1.000000  9.720753 -1.000000  6.156505 10.996961 -1.000000 -1.000000 -1.000000 -1.000000 -1.000000 -1.000000 -1.000000 -1.000000 10.601876  7.281724 -1.000000  8.455350 -1.000000 -1.000000 -1.000000 -1.000000 -1.000000 11.263615  8.717767 -1.000000 -1.000000 -1.000000
 9.725263 -1.000000 10.460139 10.727042 10.197108 -1.000000 -1.000000  8.386715 -1.000000 -1.000000 -1.000000 -1.000000 -1.000000 10.726854 10.668027 -1.000000 -1.000000 -1.000000 -1.000000 -1.000000 -1.000000 -1.000000  7.351524  9.854684 -1.000000 -1.000000  8.106607 -1.000000 10.906462 -1.000000 -1.000000 -1.000000 11.300742 -1.000000 -1.000000  9.242374 -1.000000 -1.000000  7.375215 -1.000000  8.022224 -1.000000 -1.000000 -1.000000 -1.000000 -1.000000 -1.000000 -1.000000  9.614107 -1.000000 -1.000000 -1.000000 -1.000000 -1.000000 -1.000000 10.011249  8.774903 12.133710  9.134887 -1.000000
 9.261920 10.793905 13.266908 13.828654 -1.000000  9.982203 -1.000000 -1.000000 -1.000000 -1.000000 -1.000000 -1.000000 -1.000000 -1.000000 10.554462 -1.000000 -1.000000 11.469173  7.753600 -1.000000 -1.000000 -1.000000 -1.000000 -1.000000 -1.000000  9.233120 -1.000000 -1.000000 10.221540 -1.000000 -1.000000 -1.000000 -1.000000 -1.000000 10.488207 -1.000000 -1.000000 -1.000000 11.953217 13.902482 -1.000000 11.391239 11.609409 -1.000000 -1.000000 -1.000000  8.874246 -1.000000 -1.000000 -1.000000 -1.000000 -1.000000 -1.000000 -1.000000 -1.000000  9.570663 11.885122  9.568714 -1.000000 -1.000000
-1.000000  9.193215  9.705038 10.225868  6.186957 -1.000000  5.978044 -1.000000 -1.000000 -1.000000 -1.000000 -1.000000 -1.000000 11.694841 10.402067 -1.000000 -1.000000 -1.000000 -1.000000 11.405777 -1.000000 -1.000000 -1.000000 -1.000000 -1.000000 -1.000000 -1.000000 -1.000000 -1.000000 12.761036 -1.000000 -1.000000 10.578375 -1.000000  8.384772 10.994538 -1.000000  9.588583 11.029557 -1.000000 -1.000000 10.321308 -1.000000 -1.000000 -1.000000 -1.000000 -1.000000 -1.000000 -1.000000  8.881991 -1.000000 -1.000000  9.818423 -1.000000 -1.000000 -1.000000 -1.000000  6.632176 -1.000000 -1.000000
 9.384218  8.839552 -1.000000  7.730190  8.510891 -1.000000  8.943284  9.611549 -1.000000 -1.000000 12.244158 -1.000000  6.482477 -1.000000 -1.000000 -1.000000  9.391929 10.288307 12.651012 -1.000000 -1.000000 -1.000000 11.318715  7.584788 -1.000000 13.321567 13.215187 -1.000000 -1.000000 -1.000000 -1.000000 -1.000000 -1.000000 -1.000000  7.612803 -1.000000 -1.000000  8.142265 -1.000000 -1.000000 -1.000000 -1.000000 -1.000000 -1.000000 -1.000000 -1.000000  6.799147 -1.000000 -1.000000 10.108867 -1.000000 -1.000000  9.857829 -1.000000  9.329548 10.344782  8.256017  6.232388 11.341166 -1.000000
 9.873179 10.227746  8.990902 10.287647  8.151775 -1.000000 10.659523 12.341383 -1.000000 -1.000000  7.858402 -1.000000 -1.000000 -1.000000 -1.000000 -1.000000  9.969968 11.275346 11.131792 10.179386  7.767680 -1.000000 -1.000000  6.914948 -1.000000 -1.000000 -1.000000 -1.000000 -1.000000 -1.000000 17.765650 -1.000000 -1.000000 10.841805  6.519269 -1.000000 13.435362  8.920713 12.312677 -1.000000 12.431255 -1.000000 11.285793 -1.000000 14.686064 -1.000000 12.476034  8.090197 12.956208 -1.000000 -1.000000 -1.000000 -1.000000 -1.000000 10.446365  8.410374 -1.000000  9.663906 -1.000000 -1.000000
14.615395  7.136451 14.940581 -1.000000 -1.000000 -1.000000 -1.000000 -1.000000 20.372226 -1.000000  7.669647 -1.000000 -1.000000 -1.000000 11.523009 -1.000000 -1.000000 -1.000000 -1.000000 -1.000000 -1.000000 -1.000000 -1.000000 -1.000000 -1.000000 -1.000000 10.638574 -1.000000 10.126968 -1.000000 -1.000000 -1.000000  9.451480 -1.000000 13.786885  9.622198 -1.000000 -1.000000 -1.000000 -1.000000 10.235957 12.484775 13.076831 -1.000000 -1.000000 -1.000000 -1.000000 -1.000000 -1.000000 -1.000000 -1.000000 -1.000000  9.029541 -1.000000  8.395372  6.706691  9.941778 -1.000000 -1.000000 -1.000000
13.037054 13.782226 -1.000000 15.144678 12.811097 10.230328 -1.000000  9.251144 -1.000000 -1.000000  8.812445 -1.000000 -1.000000 -1.000000 -1.000000 13.821989 13.605883 -1.000000  8.033941 -1.000000 12.411138 -1.000000 11.038098 -1.000000 -1.000000 -1.000000 12.278899 -1.000000 12.726747 -1.000000 -1.000000 10.560436 -1.000000 -1.000000  7.996730 -1.000000 -1.000000 -1.000000 -1.000000 -1.000000 11.045250 11.366550  9.848486 -1.000000 -1.000000 -1.000000 -1.000000  9.732850 -1.000000 -1.000000 -1.000000 -1.000000 -1.000000 -1.000000 -1.000000 11.702058  7.377684 -1.000000 -1.000000 -1.000000
11.169071 -1.000000 -1.000000 -1.000000 -1.000000 -1.000000 -1.000000 -1.000000 -1.000000 -1.000000  9.568854 14.605870 13.048464 -1.000000 10.233302 -1.000000 -1.000000 -1.000000 12.348189 -1.000000  8.449431 -1.000000 -1.000000 -1.000000 -1.000000 -1.000000 -1.000000 -1.000000  5.160023 -1.000000 -1.000000 -1.000000 10.927038 -1.000000 -1.000000 -1.000000  9.648440 -1.000000 10.207953 -1.000000 -1.000000 -1.000000 10.547659 -1.000000 -1.000000 -1.000000  9.844059 13.287364 10.006091  9.911197 -1.000000 -1.000000  9.580786 -1.000000 10.991327 10.549387 -1.000000 -1.000000 13.609883 -1.000000
-1.000000  6.797209 12.581671 -1.000000 -1.000000 11.345616 -1.000000 10.415431 -1.000000 -1.000000 -1.000000 -1.000000 -1.000000  8.943541 -1.000000 -1.000000 -1.000000 -1.000000 12.780305 -1.000000 -1.000000 -1.000000 12.689369 13.253250 -1.000000 10.862435 -1.000000 -1.000000 10.905236 -1.000000 -1.000000 -1.000000 -1.000000 -1.000000  6.975525  7.661246 10.843890 10.585809 -1.000000 -1.000000 12.211940  8.567087 10.947270 -1.000000 -1.000000 -1.000000 -1.000000 -1.000000 -1.000000 -1.000000 -1.000000 -1.000000 -1.000000 -1.000000  7.538879  7.542009 10.170329 10.595287 -1.000000 -1.000000
-1.000000 13.574908 -1.000000 -1.000000 11.683736 -1.000000 -1.000000  8.920961 -1.000000 -1.000000  9.261607 -1.000000 -1.000000 13.174873  8.095544 -1.000000  9.451366  9.523464  9.175613 -1.000000 -1.000000 -1.000000 -1.000000  9.450680 -1.000000 -1.000000 13.097171 -1.000000 -1.000000 -1.000000 -1.000000 -1.000000 10.728967 12.497674 -1.000000 -1.000000 12.321370 -1.000000 -1.000000 -1.000000  9.656412 -1.000000 -1.000000 -1.000000 10.144305 14.581981 -1.000000 14.747791 13.989133 -1.000000 -1.000000 15.773945  8.279958 -1.000000 -1.000000 13.989805 -1.000000 -1.000000 -1.000000 -1.000000
11.651350 -1.000000  9.553712 -1.000000 -1.000000 -1.000000 -1.000000 -1.000000 -1.000000 -1.000000  9.150698 -1.000000  6.672006 -1.000000 -1.000000 -1.000000 -1.000000  9.949129 -1.000000  8.999055 11.409555 -1.000000 -1.000000 -1.000000 -1.000000 -1.000000 -1.000000 -1.000000 -1.000000 -1.000000 -1.000000 -1.000000 -1.000000 -1.000000 12.567012  8.294805 -1.000000 10.100563 10.746142 -1.000000 10.341890 -1.000000 12.433137 -1.000000  9.841119 -1.000000  9.018267  8.754479 -1.000000  9.880043 -1.000000 -1.000000  9.348784 -1.000000 14.356375 12.369834 -1.000000  8.154706  8.906398 12.914521
-1.000000 10.799481 -1.000000 -1.000000 -1.000000  8.926403 12.235182 -1.000000 -1.000000 -1.000000 -1.000000 -1.000000 12.344245  9.984211  6.524411 -1.000000 -1.000000 10.087604 -1.000000  8.428450 -1.000000 -1.000000 10.940778 10.991002 -1.000000 -1.000000 -1.000000 -1.000000 -1.000000 -1.000000 -1.000000 -1.000000 -1.000000  8.362515 -1.000000 -1.000000 -1.000000 10.009260 -1.000000 -1.000000 13.935102 -1.000000 -1.000000 -1.000000 13.329602 -1.000000 -1.000000  4.987973  7.770734 -1.000000 -1.000000 -1.000000 -1.000000 -1.000000 -1.000000 11.493831  7.610674 -1.000000 12.248211 -1.000000
-1.000000 10.246531 10.537493  8.760488 12.311143 -1.000000  7.848567 -1.000000 -1.000000 -1.000000 -1.000000 -1.000000 10.982146  7.847186 -1.000000 -1.000000  8.274430 -1.000000 -1.000000 15.241263 -1.000000 -1.000000 -1.000000 -1.000000 -1.000000  7.555356 -1.000000 -1.000000 -1.000000 -1.000000 -1.000000 -1.000000  9.910018  9.457833 10.014912 10.260098  9.774474 11.974005 -1.000000 -1.000000 -1.000000 10.203204 -1.000000 -1.000000 -1.000000 -1.000000 -1.000000  7.982425 10.694965 15.904588 -1.000000 -1.000000 12.552420 -1.000000 -1.000000 -1.000000 -1.000000 11.102526 -1.000000 -1.000000
 8.185072 -1.000000 -1.000000  9.596410  9.737844 -1.000000 -1.000000 12.330679 -1.000000 -1.000000 -1.000000 -1.000000  7.022486 11.624324 -1.000000 -1.000000  9.915446  9.536103 10.074416 -1.000000  9.419678 -1.000000 11.003856 -1.000000 -1.000000 12.336009 -1.000000 -1.000000 -1.000000 17.880695 -1.000000 -1.000000 -1.000000 -1.000000 -1.000000 -1.000000 -1.000000 -1.000000 12.380573 -1.000000 10.710760  6.647275 -1.000000 -1.000000  7.481274 -1.000000 -1.000000 12.225469 -1.000000 13.435426 -1.000000 -1.000000 -1.000000 -1.000000 -1.000000  9.937594 -1.000000 -1.000000 10.394204 -1.000000
 7.291426 -1.000000 -1.000000 -1.000000  6.106540 -1.000000  7.578665 -1.000000 -1.000000 -1.000000 -1.000000 -1.000000 -1.000000 -1.000000 12.193872 -1.000000  9.480420 14.374722 10.067725 -1.000000 11.292190 -1.000000  8.849942 -1.000000 -1.000000 11.083412 -1.000000 -1.000000 -1.000000 -1.000000 -1.000000 -1.000000 -1.000000  8.194790 -1.000000 13.934140 -1.000000 12.903084 -1.000000 -1.000000 10.276478 10.705038 -1.000000 -1.000000 12.019917 -1.000000 -1.000000 -1.000000  7.207947 -1.000000 -1.000000 -1.000000 -1.000000 -1.000000 -1.000000 -1.000000 -1.000000 -1.000000 -1.000000 -1.000000
12.333389 12.171788 -1.000000 -1.000000 -1.000000 -1.000000 -1.000000 -1.000000 -1.000000 -1.000000 -1.000000 -1.000000  6.332104 -1.000000 -1.000000 -1.000000 -1.000000 -1.000000 11.790470  9.408836  7.593113 -1.000000 -1.000000 -1.000000 -1.000000  8.655581 11.114473 -1.000000 10.426682 -1.000000 -1.000000 -1.000000  8.411008 -1.000000 10.750111 10.657381  9.228248 -1.000000  7.294743 -1.000000 -1.000000 12.456833 10.558879 -1.000000 10.537831 16.444567 -1.000000 -1.000000 -1.000000  8.773457 -1.000000 -1.000000 -1.000000 -1.000000 -1.000000 -1.000000  7.245819 11.434781  8.434955 -1.000000
11.316999 -1.000000  8.114399 -1.000000 -1.000000  4.292303 -1.000000 11.519817 -1.000000 -1.000000  7.958722 -1.000000 13.560626 -1.000000 -1.000000 -1.000000 -1.000000  7.239959 -1.000000 11.155145 -1.000000 -1.000000  9.474379 -1.000000 -1.000000 -1.000000 10.555182 11.395856 -1.000000 -1.000000 -1.000000 -1.000000 15.833503 -1.000000 -1.000000 -1.000000  6.816524 -1.000000 -1.000000 -1.000000  5.745637  7.466957 -1.000000 -1.000000 -1.000000 -1.000000 -1.000000  8.921330 11.224660  8.164219 -1.000000 15.381377 14.406337 -1.000000 11.960414 -1.000000 13.153025 10.703533 11.146456 -1.000000
-1.000000 -1.000000 -1.000000 -1.000000 13.672423  8.994295  9.605946 -1.000000 -1.000000 13.509111 11.763566 -1.000000 -1.000000 -1.000000 10.158913 -1.000000 12.112920  8.993725 -1.000000 10.325656 11.508645 -1.000000 -1.000000 -1.000000 -1.000000  9.613741 -1.000000 -1.000000  9.682977 -1.000000 14.949732 -1.000000 12.500115  9.873175 -1.000000 -1.000000  8.923027 11.354089  9.725891 -1.000000  8.273240 -1.000000 -1.000000 -1.000000 -1.000000 -1.000000 -1.000000 -1.000000 11.210605 -1.000000 -1.000000 -1.000000  8.216519 -1.000000  6.705965 -1.000000 -1.000000  7.830132 10.761300 -1.000000
-1.000000 10.636179  6.697582 -1.000000 -1.000000 -1.000000 -1.000000 -1.000000 -1.000000 -1.000000 -1.000000 -1.000000  9.756733 -1.000000 12.100210 -1.000000 -1.000000 -1.000000  8.299456 -1.000000 11.012063 -1.000000 -1.000000 10.275611 -1.000000  8.351091  7.140797 -1.000000 -1.000000 -1.000000 -1.000000 -1.000000  7.032003 -1.000000 -1.000000 -1.000000 -1.000000  8.150659 12.774107 -1.000000 -1.000000  9.303094 -1.000000 -1.000000 10.580744 -1.000000 11.743171 -1.000000 10.341586  8.536226 -1.000000 -1.000000  9.172653 -1.000000 12.120049 -1.000000  8.002745 -1.000000  8.906416 -1.000000
-1.000000 -1.000000 10.965429 10.701664 11.419923 10.481376 -1.000000  9.723379 -1.000000 -1.000000 11.215889 -1.000000  8.699520 10.830954 -1.000000 -1.000000 10.424102 -1.000000 -1.000000 -1.000000  8.399985 -1.000000  4.804990 13.549292 -1.000000 -1.000000 -1.000000 -1.000000 -1.000000 -1.000000 -1.000000 -1.000000 -1.000000 -1.000000  9.683914  9.641858 -1.000000 -1.000000  9.713302 -1.000000  9.042690  8.422377  8.762130 14.070520 -1.000000 -1.000000 12.810256  8.007559 -1.000000 -1.000000 -1.000000 -1.000000  8.058563 -1.000000 -1.000000 -1.000000 12.532502 10.368939 13.016472 -1.000000
11.594696 -1.000000  9.746044  7.010681 -1.000000 10.430266 -1.000000 10.322270 -1.000000 -1.000000 -1.000000 -1.000000 10.268897  7.734938 -1.000000 -1.000000 -1.000000 -1.000000 -1.000000 11.109033 10.727353 -1.000000 10.151034 -1.000000 -1.000000 12.759035 -1.000000 -1.000000  9.726430 -1.000000 -1.000000 -1.000000 11.213270 11.153706 -1.000000 -1.000000 -1.000000 -1.000000 -1.000000 -1.000000 13.085949  8.129895 -1.000000 -1.000000 -1.000000 -1.000000 -1.000000 10.269538 -1.000000 -1.000000 -1.000000 -1.000000 -1.000000 -1.000000 12.681332 11.561819 -1.000000 -1.000000 10.180316 -1.000000
-1.000000 -1.000000  9.143659 -1.000000  8.190355  9.116795  9.858571 -1.000000 -1.000000 -1.000000 -1.000000 -1.000000 10.422638  6.422534 -1.000000 -1.000000 -1.000000  7.288282  7.732842 13.185471  9.288097 -1.000000 11.504486  6.894865 -1.000000  9.728810 11.541972 -1.000000 -1.000000 -1.000000 -1.000000 -1.000000 -1.000000 12.795386 -1.000000 -1.000000 -1.000000 -1.000000 -1.000000 -1.000000  9.317113 -1.000000  8.000058 -1.000000 12.433930 -1.000000 -1.000000 -1.000000 10.431374  8.927325 -1.000000 -1.000000 12.831187 -1.000000 10.043524 -1.000000 -1.000000 -1.000000 13.068049 -1.000000
-1.000000 -1.000000 -1.000000 -1.000000 -1.000000 11.103726 -1.000000 12.285951 -1.000000 -1.000000 -1.000000 -1.000000 -1.000000 -1.000000 -1.000000 -1.000000 -1.000000  9.893224  9.033909  8.754031 -1.000000 -1.000000 -1.000000 13.870320 15.020065 -1.000000 10.321719 -1.000000 13.535560 -1.000000 -1.000000 -1.000000 11.722779 11.115227  6.293659 -1.000000 -1.000000 -1.000000 -1.000000 -1.000000 -1.000000 -1.000000 -1.000000 -1.000000  8.222425 -1.000000 -1.000000  6.803748 -1.000000 11.088067 -1.000000 -1.000000 10.698776 -1.000000 11.419673 -1.000000 10.613457  6.251351  9.859813 -1.000000
10.297260 10.134600 12.165240  9.280082 -1.000000 -1.000000  9.323338  6.373041 -1.000000 -1.000000  9.379152 -1.000000 -1.000000  8.565061  8.711656 -1.000000 11.729984 -1.000000  9.547623 -1.000000 13.611093 -1.000000 -1.000000 -1.000000 -1.000000 -1.000000  8.371386 -1.000000 13.496437 -1.000000 -1.000000 -1.000000  9.783959 13.656174 -1.000000 -1.000000 11.163098  7.414099 -1.000000 -1.000000 -1.000000 -1.000000 -1.000000 -1.000000 10.523451 -1.000000 -1.000000 12.420174 10.751378 10.395589 -1.000000 -1.000000 -1.000000 -1.000000 13.001933 -1.000000 -1.000000 -1.000000  9.796030 -1.000000
-1.000000 -1.000000 10.262387  8.975766 -1.000000 11.577700  7.215370  8.764781 -1.000000 -1.000000 -1.000000 -1.000000 -1.000000 -1.000000  8.976805 -1.000000  7.610018 -1.000000 14.462591 -1.000000 -1.000000 -1.000000 -1.000000 -1.000000 -1.000000 -1.000000 -1.000000 -1.000000  9.379842 -1.000000 -1.000000 14.536441 -1.000000 12.803341 -1.000000 10.439800 10.389753 -1.000000 -1.000000 13.724803 -1.000000  9.817378 -1.000000 -1.000000 -1.000000 -1.000000 -1.000000  8.992686 -1.000000 -1.000000 -1.000000 -1.000000 10.035978 -1.000000 10.341935 -1.000000 13.629661 -1.000000 -1.000000 -1.000000
 8.862164  6.313785 -1.000000  8.429193 -1.000000 -1.000000  6.441699 10.145570 -1.000000 -1.000000 -1.000000 -1.000000 -1.000000  7.142194 11.574691 -1.000000  8.674812  8.997748  8.717417  6.005369 -1.000000 -1.000000 11.149692 13.644711 -1.000000 -1.000000 11.525774 -1.000000 -1.000000 -1.000000 -1.000000 -1.000000 11.795685 -1.000000 -1.000000 13.741135 10.016744  9.139080 -1.000000 -1.000000 10.912880 10.654091  6.664699 -1.000000 -1.000000 -1.000000 10.547267  9.493430 -1.000000  9.045775 -1.000000 -1.000000 -1.000000 -1.000000 -1.000000 -1.000000 -1.000000 -1.000000 -1.000000 -1.000000
-1.000000 -1.000000 -1.000000  8.314750 11.002675 11.876978 -1.000000 12.674768 -1.000000 -1.000000  6.944697 -1.000000 11.874368 -1.000000 13.572228 -1.000000 11.226972 -1.000000 -1.000000 -1.000000 -1.000000 17.782898 -1.000000 11.116543 -1.000000 -1.000000 10.140402 -1.000000 -1.000000 -1.000000 -1.000000 -1.000000 10.035792  9.806862 -1.000000 10.910799 -1.000000 -1.000000  7.119362 -1.000000 -1.000000 -1.000000 10.467963 -1.000000 -1.000000 -1.000000 13.913967 -1.000000 -1.000000  9.296302 -1.000000 -1.000000 -1.000000 -1.000000 -1.000000 11.968051 13.588819 -1.000000 -1.000000 -1.000000
 9.738449 10.683905 -1.000000 10.836271  9.690985  9.773987 12.093674 10.841862 -1.000000 -1.000000  8.761237 -1.000000 -1.000000 11.089236 13.908294 -1.000000  9.610841 11.609982  8.936832 -1.000000 -1.000000 -1.000000  8.958875  7.347919 -1.000000 -1.000000  8.538151 -1.000000  8.889730 -1.000000 -1.000000 -1.000000  9.169489  7.868907 11.728946 -1.000000  9.542894  8.576315 13.272270 -1.000000 -1.000000  9.126792 -1.000000 -1.000000 -1.000000 -1.000000 -1.000000 11.620509 11.916842 -1.000000 -1.000000 -1.000000 11.511495 -1.000000 -1.000000 12.464827 -1.000000 -1.000000 11.655041 -1.000000
 8.470755 -1.000000  9.293146 -1.000000 11.039531 -1.000000 -1.000000  9.522719 -1.000000 -1.000000 -1.000000 -1.000000 -1.000000 -1.000000 -1.000000 -1.000000 -1.000000 11.220774 -1.000000 -1.000000 10.044080 -1.000000  8.273345 13.199529 -1.000000  8.866617 -1.000000 -1.000000  6.896715 -1.000000 -1.000000 -1.000000  6.718421  6.087684  7.458828 11.098997 -1.000000 12.662426 11.193724 -1.000000  6.354137  8.774863 -1.000000 -1.000000  9.663053 -1.000000 -1.000000  6.487809 -1.000000 13.369412 -1.000000 -1.000000  9.881079 -1.000000 13.046517  9.730750 -1.000000 13.438699 -1.000000 -1.000000
 9.988258 10.615535 -1.000000 -1.000000 13.732465 -1.000000 11.053309 -1.000000 -1.000000 -1.000000  8.277114 -1.000000 -1.000000  9.193236 10.003660 -1.000000  8.190689  6.971467 -1.000000 -1.000000 -1.000000 -1.000000 11.677284 -1.000000 -1.000000 -1.000000  9.177920 -1.000000  9.036115 -1.000000 -1.000000 -1.000000 10.689521 -1.000000  7.710374 -1.000000  8.669463 -1.000000 10.733455 -1.000000  9.399737 10.599976 -1.000000 -1.000000 -1.000000 -1.000000 10.361343 -1.000000 -1.000000 13.288702 -1.000000 -1.000000  9.851802 -1.000000 10.999198 11.666868  8.319073 10.802487 -1.000000 -1.000000
-1.000000  9.254010  7.961455 -1.000000  7.832790 -1.000000 12.011487  9.339152 -1.000000 -1.000000 -1.000000 -1.000000 14.308985  9.373519 -1.000000 -1.000000 -1.000000  9.912151  6.686638 -1.000000 -1.000000 -1.000000 -1.000000 -1.000000 -1.000000 10.411403 13.511271 -1.000000 10.488362 -1.000000 -1.000000 -1.000000 -1.000000  7.867748 -1.000000 -1.000000 12.469750  8.826711 -1.000000 -1.000000 -1.000000 -1.000000  6.563997 -1.000000 11.007972 -1.000000  6.445786  9.542757 -1.000000 14.932625 -1.000000 -1.000000 11.190128 -1.000000  9.795430 10.311339 12.375251 11.536552 -1.000000 -1.000000
 9.634214 -1.000000  7.973275  7.857845 -1.000000 11.117167 -1.000000  9.827601 -1.000000 -1.000000 10.249053 -1.000000 10.303081 11.142719 10.712980 -1.000000  9.380151 13.339612 -1.000000  9.075196 -1.000000 -1.000000  9.424174 -1.000000 -1.000000 11.297242 13.459233 16.470207 -1.000000 -1.000000 -1.000000 -1.000000 12.611341 -1.000000 -1.000000 -1.000000  9.992631  9.999983 -1.000000 -1.000000 -1.000000 -1.000000  9.138668 -1.000000 11.477270 -1.000000  7.778277 -1.000000 -1.000000 -1.000000 -1.000000 -1.000000 -1.000000 -1.000000 11.996288 -1.000000 10.214492 -1.000000 -1.000000 -1.000000
-1.000000 -1.000000 -1.000000  9.401998 12.962258 -1.000000  8.726494 -1.000000 -1.000000 -1.000000  7.922846 -1.000000  8.351004 -1.000000  7.660538 14.351774 -1.000000  6.564745  7.449599 -1.000000 -1.000000 -1.000000 -1.000000  7.831639 -1.000000 11.595567 10.322890 -1.000000  9.637967 -1.000000 -1.000000 -1.000000 -1.000000 11.883931 -1.000000 -1.000000 -1.000000 13.745462  8.060055 -1.000000  6.056441  8.260678 -1.000000 -1.000000 12.910594 -1.000000 12.328202  9.658520  6.801809 10.748240 -1.000000 -1.000000 -1.000000 -1.000000 12.611914 -1.000000 -1.000000 10.857320 -1.000000 17.522520
 8.755838 -1.000000 11.055692  9.528482  9.888680 11.544488  8.288867 -1.000000 -1.000000 -1.000000 -1.000000 -1.000000 -1.000000 -1.000000 -1.000000 -1.000000 12.152931 11.383068 -1.000000  8.370835 -1.000000 -1.000000 10.840659  8.347199 -1.000000 -1.000000 -1.000000 -1.000000  8.885799 -1.000000 -1.000000 -1.000000 -1.000000 14.798204  8.281679 -1.000000 10.846220 10.742458  9.856619 -1.000000 -1.000000 -1.000000 10.148412 -1.000000 11.141330 -1.000000 -1.000000 -1.000000 -1.000000 -1.000000 -1.000000 -1.000000 -1.000000 -1.000000 -1.000000  7.010672 -1.000000 -1.000000 10.496416 -1.000000
-1.000000 10.861362 -1.000000 14.088744 -1.000000  7.546058 -1.000000 -1.000000 -1.000000 -1.000000 -1.000000 -1.000000 -1.000000 -1.000000 -1.000000 -1.000000 12.255082 12.319835 -1.000000 10.586733 13.578433 -1.000000 -1.000000 10.357359 -1.000000  9.686923 -1.000000 -1.000000 -1.000000 -1.000000 -1.000000 -1.000000 11.969549 14.001580 -1.000000 10.518967 -1.000000 -1.000000 -1.000000 -1.000000 -1.000000 10.902969 -1.000000 -1.000000 12.242003 -1.000000  9.254264 -1.000000 10.462060 10.516792 -1.000000 -1.000000 -1.000000 16.294084 10.395744  7.756178 -1.000000 -1.000000  9.976187 -1.000000
-1.000000 -1.000000  7.305528  7.338123 11.226773  9.291332  7.794105 -1.000000 -1.000000 -1.000000 11.231061 -1.000000 -1.000000  7.662040 -1.000000 -1.000000 11.503011 -1.000000  9.300633  9.341839 -1.000000 -1.000000 12.446811 -1.000000 -1.000000 10.030458  8.137095 -1.000000 -1.000000 -1.000000 -1.000000 -1.000000  8.185786 -1.000000 -1.000000  9.964026 13.005813 -1.000000  6.397690 -1.000000 -1.000000 -1.000000 -1.000000 -1.000000 -1.000000 -1.000000  9.872039 13.628784 -1.000000  7.946049 -1.000000 -1.000000 13.288184 -1.000000 11.596626 -1.000000 -1.000000 -1.000000 -1.000000 -1.000000
 9.961761 -1.000000 11.722145 11.811676 -1.000000 10.153499 -1.000000 -1.000000 -1.000000 -1.000000 11.539051 -1.000000  9.703342 15.395542  9.889476 -1.000000 11.327806 -1.000000 -1.000000  6.352948  9.756398 -1.000000 -1.000000 11.976215 -1.000000 -1.000000  8.540028 -1.000000 -1.000000 -1.000000 -1.000000 -1.000000 -1.000000  8.811502  7.778334  9.908917  9.628558 -1.000000 -1.000000 -1.000000 -1.000000 -1.000000 12.297490 -1.000000 -1.000000 -1.000000  8.294024 -1.000000 -1.000000 -1.000000 -1.000000 -1.000000 12.997170 -1.000000 -1.000000  9.366805 -1.000000 -1.000000 -1.000000 -1.000000
-1.000000 -1.000000 12.610026 -1.000000 -1.000000 10.183355  9.636468 -1.000000 -1.000000 -1.000000 -1.000000 -1.000000 10.440370 12.760692 -1.000000 -1.000000 -1.000000 11.907767 13.244770 11.206705 13.166301 -1.000000  9.846212 -1.000000 -1.000000 13.385374 -1.000000 -1.000000 11.145538 -1.000000 -1.000000 -1.000000  9.155127 -1.000000 12.648344 11.026939  6.910184  7.068615 -1.000000 -1.000000 10.164596 -1.000000  6.970471 -1.000000 13.313786 -1.000000 -1.000000 -1.000000 -1.000000 -1.000000 -1.000000 -1.000000 -1.000000 -1.000000 12.165227 -1.000000  7.137810 10.487171  9.069483 -1.000000
-1.000000 13.028011 -1.000000 -1.000000 -1.000000 10.431562 11.167246 -1.000000 -1.000000 -1.000000 -1.000000 -1.000000 11.463309 -1.000000  6.921154 -1.000000 -1.000000 -1.000000 -1.000000  9.895298 -1.000000 -1.000000 12.141801 -1.000000 -1.000000 -1.000000  8.960640 -1.000000 -1.000000 -1.000000 -1.000000 -1.000000 -1.000000 -1.000000 10.313646 -1.000000 -1.000000 -1.000000  9.469234 -1.000000 -1.000000 10.825792 -1.000000 -1.000000 -1.000000 -1.000000 -1.000000 14.430359 10.741877 -1.000000 -1.000000 -1.000000 -1.000000 -1.000000 -1.000000  9.152143 -1.000000 -1.000000 10.060301 -1.000000
 9.485030  9.659777 -1.000000 -1.000000 -1.000000  7.606800  8.417545 -1.000000 -1.000000 -1.000000 10.299583 -1.000000 -1.000000  8.092713 -1.000000 -1.000000  9.891673 -1.000000 12.730917 -1.000000 14.352692 -1.000000 -1.000000 10.291956 -1.000000 10.168496 -1.000000 -1.000000 10.036013 -1.000000 -1.000000 -1.000000 -1.000000 -1.000000 -1.000000  5.648902 -1.000000 11.573388 -1.000000 -1.000000 -1.000000 12.276293 10.437555 -1.000000 -1.000000 -1.000000  9.802953  9.296892 12.908165 -1.000000 -1.000000 -1.000000 -1.000000 -1.000000 -1.000000 -1.000000 -1.000000 -1.000000 12.619541 -1.000000
13.315241  9.011639 -1.000000 10.618581 12.798701 -1.000000  8.117281  8.300383 -1.000000 -1.000000  7.763147 -1.000000 11.997449  9.036105 -1.000000 -1.000000 -1.000000 12.601895 -1.000000  7.626369  9.284554 -1.000000  9.265958 10.410719 -1.000000 -1.000000 -1.000000 -1.000000 11.637066 -1.000000 -1.000000 -1.000000 12.311353 10.577470 -1.000000  8.711814 -1.000000  7.218398 13.953953 -1.000000  9.569531 10.150739 -1.000000 -1.000000  9.150382 -1.000000 12.810390  8.115356 10.664664  8.514285 -1.000000 -1.000000  9.488531 16.633961  9.125668  8.510732 10.614834  8.917616 -1.000000 -1.000000
-1.000000 -1.000000  9.642445 11.633888  7.465596 -1.000000 -1.000000 14.011677 -1.000000 -1.000000 -1.000000 -1.000000 11.261981 -1.000000 -1.000000 -1.000000 -1.000000 -1.000000 -1.000000 -1.000000  9.206181 -1.000000 -1.000000 -1.000000 -1.000000 14.511695 -1.000000 -1.000000  6.175378 -1.000000 -1.000000 -1.000000 -1.000000 -1.000000 14.287340 -1.000000  8.187600 -1.000000 -1.000000 -1.000000 -1.000000 -1.000000 -1.000000 -1.000000 -1.000000 -1.000000 -1.000000 -1.000000 10.854729  8.942156 -1.000000 -1.000000 -1.000000 -1.000000 -1.000000 -1.000000 10.119065 10.950077 -1.000000 -1.000000
