-1.000000 -1.000000 -1.000000 -1.000000 -1.000000 -1.000000  8.785802 -1.000000 11.337710 -1.000000 -1.000000 -1.000000 -1.000000 -1.000000 10.257518  9.605658 -1.000000 -1.000000  8.248796 11.108660 -1.000000 -1.000000  8.395970  9.079291 -1.000000  9.839544 -1.000000 -1.000000  7.215611 -1.000000 -1.000000 13.066568 10.894517 10.218662 -1.000000 -1.000000 -1.000000 -1.000000 -1.000000 -1.000000
 8.560569 -1.000000 -1.000000 -1.000000  8.564462  9.712403 10.920988 -1.000000  9.442982 -1.000000 -1.000000 -1.000000 11.912104 -1.000000 -1.000000  7.137494  8.924636 -1.000000 -1.000000  8.188841 -1.000000 -1.000000 -1.000000 -1.000000 -1.000000 -1.000000 -1.000000 -1.000000  9.558214 -1.000000  9.762375 11.285315  8.715464 -1.000000  6.598797 10.687065 13.443661 -1.000000 -1.000000 -1.000000
-1.000000  6.646648 -1.000000 -1.000000 -1.000000 -1.000000 -1.000000 -1.000000  8.729639 -1.000000 -1.000000 -1.000000 -1.000000 -1.000000 10.673749  5.081672 10.435189  9.791617  9.148467  4.332784 -1.000000 -1.000000 -1.000000 11.289018 -1.000000 -1.000000 -1.000000 -1.000000 12.779986 -1.000000 -1.000000 11.308558 -1.000000 13.840355 10.464451 11.438545  9.897696 -1.000000 17.085758 -1.000000
11.716063 -1.000000 14.824510 -1.000000 -1.000000  7.810914  7.338362 17.895316  8.512376 -1.000000 -1.000000  9.863122  8.842746 -1.000000 10.333266  8.513728 -1.000000 -1.000000 -1.000000 10.311480 -1.000000 -1.000000 -1.000000  9.552252 -1.000000  5.514995 -1.000000  9.181052  9.159944 -1.000000 -1.000000 -1.000000 -1.000000  6.776894  9.943386 12.256102 -1.000000 -1.000000 -1.000000 -1.000000
11.644900 14.381476 -1.000000 13.851214 -1.000000 -1.000000 -1.000000 -1.000000 10.684120 -1.000000 -1.000000  6.380689  9.361939 -1.000000 -1.000000 -1.000000  7.918354 11.198251  8.108653  9.538405 10.140262 -1.000000 -1.000000  9.330373 -1.000000  8.723727 -1.000000 10.928137 -1.000000 -1.000000 12.475668 -1.000000 -1.000000 -1.000000 10.072407 -1.000000 -1.000000 11.077721 -1.000000 -1.000000
-1.000000 -1.000000 -1.000000  8.577435 11.114751 -1.000000 11.442053 -1.000000 -1.000000 10.943703 -1.000000 10.201421 -1.000000 -1.000000 10.182525 -1.000000 -1.000000 -1.000000 -1.000000 10.969408  9.254088 -1.000000 10.701656 -1.000000 18.020092 11.476821 -1.000000 11.820069 -1.000000 -1.000000 -1.000000 -1.000000 11.842540 -1.000000  4.463312 -1.000000 12.824058 11.244151 -1.000000 11.503331
-1.000000 -1.000000 -1.000000 12.224528 -1.000000 12.209066 -1.000000 -1.000000 -1.000000  9.471904 -1.000000 -1.000000  9.536401 -1.000000 10.676934 -1.000000 -1.000000 -1.000000  7.911515  9.964643  8.987695 -1.000000 12.703822 -1.000000 -1.000000  6.410505 -1.000000 14.315158 -1.000000 -1.000000 10.278597 -1.000000  6.825274 -1.000000 -1.000000  7.736181  8.971948  9.973022 -1.000000 12.136635
-1.000000 10.227239 -1.000000  8.311867  7.139715 -1.000000 14.106667 -1.000000 -1.000000 -1.000000 -1.000000 -1.000000 -1.000000 -1.000000 -1.000000 -1.000000 -1.000000 -1.000000 -1.000000  9.752878 12.721843 -1.000000 17.354341 11.351442 -1.000000 11.945694 -1.000000 12.773108 -1.000000 -1.000000 13.309486 11.992076 -1.000000  5.548170 11.083956 10.540091  9.943081 -1.000000 -1.000000  7.629894
 8.651878 10.579393 12.529635 -1.000000 -1.000000 13.419905 -1.000000 -1.000000 -1.000000 11.219831 -1.000000 -1.000000 -1.000000 -1.000000 11.221948  8.285327 12.970454 -1.000000 -1.000000 -1.000000 -1.000000 -1.000000 -1.000000 -1.000000 -1.000000 10.916453 -1.000000 -1.000000 -1.000000 -1.000000 -1.000000 10.999657 12.110262 14.031013 -1.000000 -1.000000 -1.000000  8.687670 -1.000000 -1.000000
12.386041 -1.000000 -1.000000 -1.000000 11.410239 -1.000000 -1.000000 -1.000000 -1.000000 -1.000000 -1.000000 -1.000000 -1.000000 -1.000000 -1.000000 11.944836 -1.000000 12.110628 -1.000000 -1.000000 -1.000000 -1.000000 -1.000000  9.936248 -1.000000 -1.000000 -1.000000  9.252304 11.895994 -1.000000  9.904276 -1.000000 14.427943 -1.000000 -1.000000 -1.000000  8.657635 -1.000000 -1.000000  8.823839
-1.000000  9.263876 -1.000000 -1.000000  7.761888  8.867268 -1.000000 -1.000000 -1.000000  7.000419 -1.000000 -1.000000 -1.000000 -1.000000  9.484485  9.739822 -1.000000 -1.000000  9.340783 -1.000000 -1.000000 -1.000000 10.120555  8.007273 -1.000000 -1.000000 -1.000000  9.041389 -1.000000 -1.000000 12.074912 13.150771 -1.000000  7.015059  9.443970 -1.000000 -1.000000 10.722217 -1.000000 -1.000000
10.162011  7.760652 -1.000000 -1.000000 -1.000000  7.582212 -1.000000 -1.000000  8.549523 -1.000000 -1.000000 -1.000000  9.799277 -1.000000 10.861759 12.762648 -1.000000 -1.000000 10.790991 10.972631 -1.000000 -1.000000  8.275887 -1.000000 -1.000000 11.979326 -1.000000 10.384799 -1.000000 -1.000000 -1.000000  9.623556 -1.000000 -1.000000  8.387668 13.353200 11.290193 12.537672 -1.000000  8.178117
 7.186848 -1.000000 -1.000000 -1.000000 -1.000000 11.065149 10.004589 -1.000000 10.316333 -1.000000 -1.000000 -1.000000 -1.000000 -1.000000 14.721418 11.554470 10.150272 -1.000000  8.912693 -1.000000  9.241254 -1.000000 13.113014 12.463028 -1.000000 -1.000000 -1.000000 11.241877 -1.000000 -1.000000 -1.000000 -1.000000  7.531885 -1.000000 10.368652  7.318323  9.106688 -1.000000 -1.000000 -1.000000
10.657976 -1.000000 -1.000000 11.444844  6.004968 -1.000000 -1.000000 -1.000000 -1.000000  9.548193 -1.000000 -1.000000 10.293728 -1.000000  9.170507 -1.000000  6.851600 -1.000000 -1.000000 -1.000000 -1.000000 -1.000000 -1.000000 -1.000000 -1.000000 11.732716 -1.000000  9.952406  9.763880 -1.000000 -1.000000 -1.000000 -1.000000 10.855190 -1.000000 12.303407 -1.000000 -1.000000 -1.000000 -1.000000
-1.000000  9.840751 -1.000000 -1.000000 12.273357  9.663438 -1.000000 -1.000000  8.879895 -1.000000 -1.000000 -1.000000 -1.000000 -1.000000 -1.000000  9.414415  9.499312 -1.000000 -1.000000 -1.000000 -1.000000 -1.000000 12.895205 -1.000000 -1.000000 11.330603 -1.000000 11.535069 -1.000000 -1.000000 13.735826 -1.000000 -1.000000  7.797860 -1.000000 12.507231 -1.000000  4.041338 -1.000000  7.296184
-1.000000 -1.000000 -1.000000  9.950374 -1.000000  5.158280 -1.000000 -1.000000  9.593916  6.737985 -1.000000 11.692679  7.939876 -1.000000 11.520100 -1.000000 -1.000000 12.746360 -1.000000 10.058864  9.692485 -1.000000 12.303137  9.613184 -1.000000 -1.000000 -1.000000  9.718811 10.155696 -1.000000 14.600233 -1.000000 14.079375 -1.000000 -1.000000 13.651041 -1.000000 -1.000000 18.147128  9.414795
-1.000000 -1.000000 -1.000000 -1.000000 -1.000000  5.730382 -1.000000 -1.000000 -1.000000  7.614467 -1.000000  9.624170 -1.000000 -1.000000 -1.000000 -1.000000 -1.000000  8.660281 -1.000000  7.883167 -1.000000 -1.000000 -1.000000 10.015134 -1.000000 10.069393 -1.000000 -1.000000 13.422565 -1.000000 -1.000000 -1.000000 -1.000000 -1.000000 -1.000000  7.469234 -1.000000 -1.000000 -1.000000 -1.000000
-1.000000  9.442651 -1.000000  9.792647 -1.000000 -1.000000  8.878804 -1.000000 10.474420  8.215415 -1.000000 -1.000000  9.709577 15.124335  7.889393 -1.000000  8.718651 -1.000000  7.566404 -1.000000 -1.000000 -1.000000  8.439552 -1.000000 -1.000000 -1.000000 -1.000000 -1.000000  9.514483 -1.000000 -1.000000 10.452093 -1.000000 -1.000000 -1.000000  7.344949 -1.000000  9.041585 -1.000000 -1.000000
11.761634 -1.000000 -1.000000 -1.000000 -1.000000 -1.000000  9.374625 -1.000000 -1.000000 10.279196 -1.000000 -1.000000 11.321411 -1.000000 10.913513 -1.000000 -1.000000  8.884212 -1.000000  8.629207 15.865897 13.020342 10.919612 -1.000000 -1.000000 -1.000000 -1.000000 -1.000000 11.510655 -1.000000 10.223940 11.570227 -1.000000 13.315127 -1.000000  8.197314 -1.000000  3.871382 -1.000000  8.571593
-1.000000 -1.000000 -1.000000 -1.000000 -1.000000  5.361661  9.502137 -1.000000 -1.000000 11.876874 -1.000000  8.681592 -1.000000 -1.000000 10.290610 -1.000000  7.569070 -1.000000  9.522311 -1.000000 -1.000000 -1.000000 -1.000000 -1.000000 -1.000000 11.760681 -1.000000  8.501976 14.158339 19.086582 10.923108  8.290807 -1.000000  6.780301 10.331097 -1.000000 -1.000000 -1.000000 -1.000000 10.956449
-1.000000 12.831705 -1.000000 10.376070 -1.000000 14.083782 10.112363 -1.000000 -1.000000 -1.000000 -1.000000 12.099624 -1.000000 -1.000000 13.021214  7.989832  6.882821 10.642102 -1.000000 10.649142 -1.000000 -1.000000 -1.000000 11.523961 -1.000000 -1.000000 -1.000000 -1.000000 -1.000000 -1.000000 11.662539 10.774055 -1.000000 10.474025 10.325624 -1.000000 -1.000000 12.302087 -1.000000 -1.000000
 8.089254 10.937551 -1.000000  8.846246 -1.000000 -1.000000  9.255056 -1.000000  7.768554 12.210740 -1.000000 -1.000000 -1.000000 13.810599 10.179011 -1.000000 11.175621  7.689618 11.121443 -1.000000  6.309954 -1.000000 11.077100  7.070419 21.533900 -1.000000 16.352716 -1.000000 11.274587 -1.000000 -1.000000  7.681619  8.791969 10.023906 10.451146  8.012745 15.440369  9.774852 -1.000000  8.238931
13.193507 10.228509 -1.000000  9.253729  6.970138 -1.000000 -1.000000 -1.000000  7.231854 -1.000000 -1.000000 13.417878 -1.000000 -1.000000 -1.000000 10.586612 -1.000000  9.974482  9.970186 -1.000000 -1.000000 -1.000000 -1.000000 -1.000000 -1.000000  8.384071 -1.000000 -1.000000  8.832317 -1.000000 -1.000000  9.454848 10.009154 -1.000000 -1.000000 -1.000000  9.743874 10.297713 -1.000000  7.556549
-1.000000  9.677237 -1.000000  8.771972 -1.000000  9.672452 -1.000000 -1.000000 -1.000000 -1.000000 -1.000000  8.730758  6.307629 -1.000000 -1.000000  7.887275 -1.000000  9.768557 13.081276 10.679812 -1.000000 -1.000000  9.376732 -1.000000 -1.000000  9.843273 -1.000000  9.561662 14.620168 -1.000000 -1.000000 11.656691  8.755776 -1.000000 -1.000000 -1.000000  8.153756 12.533722 -1.000000 -1.000000
11.235672  9.913208 -1.000000 12.449778 -1.000000  7.573698 -1.000000 -1.000000 -1.000000 -1.000000 -1.000000 -1.000000  5.690578 -1.000000 10.522144 -1.000000  6.833135 -1.000000 -1.000000  7.202305  9.883380 -1.000000  8.327358 15.066059 -1.000000 -1.000000 -1.000000 -1.000000  9.926193 -1.000000 -1.000000 12.394152 -1.000000  5.213777 -1.000000 -1.000000  5.435159 12.519629 -1.000000 -1.000000
10.810728 -1.000000 -1.000000 -1.000000  8.749693  9.823204 12.928220 -1.000000 -1.000000 13.124838 19.542618 -1.000000 10.399812 -1.000000 -1.000000 -1.000000  9.121036 10.984932 -1.000000 -1.000000 11.465459 10.010129 13.182157 -1.000000 -1.000000 -1.000000 12.445536  8.607504 -1.000000 -1.000000 10.646394 -1.000000 -1.000000 10.558075 10.219284 -1.000000 -1.000000 -1.000000 -1.000000 -1.000000
13.503160 10.053356 -1.000000 11.887368  5.568673 13.078360 -1.000000 -1.000000  6.866300 -1.000000 -1.000000  5.348985 -1.000000 -1.000000  8.367581 -1.000000  9.621689  6.101249 11.824696 -1.000000 13.643988 -1.000000 -1.000000 -1.000000 -1.000000 12.058341 -1.000000 -1.000000 -1.000000 -1.000000 -1.000000 -1.000000  8.126282 -1.000000 10.522625  9.795963  4.976400 -1.000000 -1.000000  7.498562
-1.000000 -1.000000 -1.000000  8.839939 14.285732 -1.000000 -1.000000 -1.000000  7.590084 -1.000000 -1.000000 -1.000000 -1.000000 -1.000000 -1.000000  7.765121  6.918982  9.161965 10.372129 -1.000000 12.775982 -1.000000 -1.000000 12.186623 -1.000000 -1.000000 -1.000000 -1.000000 -1.000000 -1.000000  8.409786 -1.000000 12.466209  8.650402 -1.000000 -1.000000 10.913569 10.345492 -1.000000 10.662154
-1.000000 -1.000000 -1.000000 -1.000000 10.960549 -1.000000  8.687021 10.065391 -1.000000  8.166632 -1.000000 10.134462  9.226983 -1.000000 -1.000000 12.329281 -1.000000 12.200100 -1.000000 -1.000000 10.664008 -1.000000 10.304256  8.367408 -1.000000 -1.000000 -1.000000  7.714741 -1.000000 -1.000000 -1.000000  7.386554  9.885083  9.015917 11.540961 -1.000000 -1.000000 12.482458 -1.000000 -1.000000
-1.000000 -1.000000 -1.000000 11.327289 10.045390 -1.000000  7.947195 -1.000000 -1.000000 10.529393 -1.000000 10.518223 -1.000000 -1.000000 -1.000000 11.402069 11.212930 -1.000000  6.408173 -1.000000 -1.000000 -1.000000 -1.000000 -1.000000 -1.000000 -1.000000 -1.000000  9.721508 -1.000000 -1.000000 -1.000000 -1.000000 -1.000000 -1.000000 -1.000000  9.669620 11.225716 13.991858 -1.000000 -1.000000
-1.000000  8.105194 -1.000000 -1.000000 12.264620 -1.000000 10.818877 -1.000000 -1.000000 -1.000000 -1.000000  6.217473 -1.000000 -1.000000 -1.000000 -1.000000 -1.000000 12.525834  6.137038 10.388448 10.224199 -1.000000 -1.000000 -1.000000 -1.000000  9.448509 -1.000000  7.562389 13.338033 -1.000000 -1.000000  8.677157 10.936634 -1.000000 11.884361  8.065331 -1.000000 -1.000000 -1.000000 11.905075
 9.357002  8.963179 -1.000000  4.328687  7.040263 -1.000000  9.072499 -1.000000  7.624102 12.329319 -1.000000 12.048553  9.634193 -1.000000 -1.000000  7.595765 10.884695  7.327660 -1.000000  9.535671  8.473778 -1.000000 -1.000000 -1.000000 -1.000000 -1.000000 -1.000000 -1.000000 10.773536 -1.000000 -1.000000 -1.000000  7.706233 -1.000000 10.585621 -1.000000 -1.000000 -1.000000 -1.000000 11.842345
-1.000000 -1.000000 -1.000000 -1.000000 10.660125 13.217007 11.565985 -1.000000 11.797070  9.374140 -1.000000 10.796470 12.847162 -1.000000 -1.000000 -1.000000 -1.000000 -1.000000  8.824351 -1.000000  7.652688 -1.000000 -1.000000  9.880418 -1.000000  8.952285 -1.000000 -1.000000 -1.000000 -1.000000  9.413332 11.638634 -1.000000  8.889604 -1.000000  9.775523 11.929870 13.476016 -1.000000  7.850229
 9.467666  9.687196 -1.000000 -1.000000  8.542340  9.826447 10.617439 -1.000000 -1.000000  7.215121 -1.000000  5.481390 -1.000000 -1.000000 -1.000000 -1.000000 -1.000000  8.258769 -1.000000 -1.000000 -1.000000 -1.000000  8.787625  8.432600 -1.000000 11.396326 -1.000000 -1.000000  9.109255 -1.000000 10.897957 12.379470  8.896385 -1.000000 11.848310 11.242536  8.532197 -1.000000 -1.000000  9.214417
10.817210 -1.000000 -1.000000  7.698882 13.510532  8.548195 12.138238 -1.000000 -1.000000 -1.000000 -1.000000 12.534072 -1.000000 -1.000000 -1.000000 -1.000000 10.596549 -1.000000  9.051783 12.304017 -1.000000 -1.000000  7.000904 -1.000000 -1.000000 -1.000000 -1.000000 -1.000000 10.024465 15.424381  7.367770 -1.000000 -1.000000 12.311974 -1.000000 -1.000000 13.202704 -1.000000 -1.000000  8.321215
 9.026990 -1.000000 -1.000000 12.785483 -1.000000  6.917919  8.336179 -1.000000  9.440052  8.116705 17.357233 -1.000000  6.740286 -1.000000 11.666013 -1.000000  7.059249  9.764955  9.646956 15.769388 -1.000000 -1.000000 10.811577 -1.000000 -1.000000 -1.000000 -1.000000 -1.000000 -1.000000 -1.000000  8.885374 12.690942 11.697387 -1.000000 11.740745 -1.000000 -1.000000 -1.000000 -1.000000 -1.000000
-1.000000 11.140992 -1.000000 -1.000000  9.675744 -1.000000 -1.000000 -1.000000 -1.000000  7.751530 -1.000000 10.043169 12.696923 -1.000000 14.004189  8.503109 -1.000000 -1.000000 -1.000000  8.561884 12.112604 -1.000000 -1.000000 -1.000000 -1.000000  9.091621 -1.000000 -1.000000 -1.000000 -1.000000  9.013518 -1.000000 -1.000000  8.640045 -1.000000 14.234687 -1.000000 -1.000000 -1.000000 11.905370
-1.000000 -1.000000 -1.000000  7.244513 -1.000000 -1.000000 -1.000000 -1.000000 11.840700 -1.000000 -1.000000  8.827398 13.308375 -1.000000 -1.000000 12.029553 -1.000000  9.085569  6.568298 -1.000000 10.358509 -1.000000 -1.000000  8.188781 -1.000000  6.033009 -1.000000  8.428473 -1.000000 -1.000000 10.384437 -1.000000  8.926941 -1.000000 -1.000000 -1.000000  7.126509 -1.000000 -1.000000 12.463225
 6.293781 13.448183 -1.000000  9.394651  8.159727 -1.000000 -1.000000 -1.000000  7.378197 -1.000000 -1.000000  5.406967 12.494898 -1.000000 -1.000000 12.198432  8.695923  7.868260 -1.000000 -1.000000  6.894976 -1.000000  7.491181  9.517462 -1.000000 -1.000000 -1.000000 -1.000000 11.510643 -1.000000  8.051724 -1.000000  8.127242 -1.000000 -1.000000 -1.000000 -1.000000  8.483702 -1.000000 -1.000000
 9.787156  7.813974 -1.000000 -1.000000 -1.000000 -1.000000 -1.000000 -1.000000 10.012257  9.630830 -1.000000 -1.000000 10.871121 -1.000000 -1.000000 -1.000000 -1.000000 -1.000000 -1.000000 -1.000000 11.699721 -1.000000 -1.000000  9.284587 -1.000000 -1.000000 -1.000000  8.801849 -1.000000 -1.000000 -1.000000 -1.000000 -1.000000 13.468515 12.521902 -1.000000 10.768619  8.398636 -1.000000 -1.000000
