-1.000000 -1.000000  9.926323  9.622349 -1.000000 11.938925 -1.000000 10.954492 -1.000000 11.195401 -1.000000 11.121770  9.638115 -1.000000 -1.000000 -1.000000 -1.000000 -1.000000 -1.000000 -1.000000 -1.000000 -1.000000 -1.000000 -1.000000  7.147032 -1.000000  9.369101 -1.000000 -1.000000 -1.000000
-1.000000 -1.000000 -1.000000 -1.000000 13.185732 10.208020 -1.000000 -1.000000 -1.000000  8.561400 -1.000000  9.450999 -1.000000 14.691849 -1.000000 -1.000000 10.852518 -1.000000 -1.000000  9.764987 -1.000000  8.023079 -1.000000 -1.000000 12.650279  8.709393 -1.000000 -1.000000 -1.000000 11.365541
-1.000000 -1.000000 -1.000000  7.002339 -1.000000 -1.000000 -1.000000 13.024946 -1.000000 -1.000000 -1.000000  7.479801 12.037906 10.598837 12.690480 -1.000000 -1.000000 -1.000000 -1.000000 -1.000000 -1.000000 -1.000000 -1.000000 -1.000000 11.650118 -1.000000 -1.000000  7.360666 -1.000000 -1.000000
10.145937 -1.000000 -1.000000 -1.000000 -1.000000 -1.000000 -1.000000 12.900002 10.250422 12.543517 -1.000000 -1.000000  7.532872 -1.000000 11.745986 -1.000000  5.882574 18.995502 -1.000000  8.398098 -1.000000 -1.000000 -1.000000 -1.000000 12.181046 -1.000000 -1.000000 -1.000000 -1.000000  8.834419
12.683087 -1.000000 -1.000000 10.498226 -1.000000 10.131077 -1.000000 -1.000000 12.690287 -1.000000 -1.000000 12.416366 -1.000000 11.504004 11.538286 -1.000000 11.229027 -1.000000 -1.000000 -1.000000 -1.000000 -1.000000 -1.000000 -1.000000 -1.000000 -1.000000 -1.000000 11.166444 -1.000000 -1.000000
-1.000000 -1.000000 -1.000000 -1.000000 10.324744 -1.000000 -1.000000 -1.000000 -1.000000  9.810842 -1.000000 11.769280 -1.000000 -1.000000 -1.000000 -1.000000 -1.000000 -1.000000 -1.000000 13.409651 -1.000000  8.802930 -1.000000 -1.000000 -1.000000  7.136397 12.754890 10.591995 -1.000000 11.781149
-1.000000 -1.000000 -1.000000 -1.000000 12.490488 11.919999 -1.000000  8.380709 10.570106  9.784908 -1.000000 11.155694 -1.000000  6.794837 10.986632 -1.000000 -1.000000 -1.000000 -1.000000 -1.000000 -1.000000  8.298071 -1.000000 -1.000000 10.437554  6.413124 11.305001  8.556433 -1.000000 -1.000000
-1.000000 -1.000000 -1.000000 10.656579 11.918353 -1.000000 -1.000000 -1.000000 -1.000000 11.228099 -1.000000 -1.000000 12.280394 -1.000000 -1.000000 -1.000000  7.040629 -1.000000 -1.000000 10.937102 -1.000000  9.577798 -1.000000 -1.000000 -1.000000 -1.000000  9.166685  8.303458 -1.000000 12.483594
-1.000000 -1.000000 -1.000000 -1.000000 12.803947 11.898623 -1.000000 -1.000000 -1.000000 -1.000000 -1.000000 11.774033 -1.000000 12.948422 10.484879 -1.000000 -1.000000 -1.000000 -1.000000  8.328251 -1.000000 12.362457 -1.000000 -1.000000  8.836145  8.405916 -1.000000 -1.000000 -1.000000 10.210583
-1.000000 -1.000000 -1.000000 -1.000000 -1.000000  7.977669 -1.000000  8.305646  9.124699 -1.000000 -1.000000 -1.000000  8.086746 -1.000000  7.101423 -1.000000 -1.000000 -1.000000 -1.000000 -1.000000 -1.000000  9.318938 -1.000000 -1.000000 11.190686  9.984383 -1.000000  8.897281 -1.000000 12.322473
 9.726537 -1.000000 -1.000000 12.677572  9.954813 -1.000000 -1.000000 -1.000000  8.683649 -1.000000 -1.000000  8.747677 -1.000000 -1.000000  7.358953 -1.000000  9.451247 -1.000000 -1.000000  7.201738 -1.000000  7.051825 -1.000000 -1.000000 -1.000000 -1.000000  8.860178 -1.000000 -1.000000  3.935821
 9.610392 -1.000000 -1.000000 -1.000000 11.324575 -1.000000 -1.000000 10.319936  8.461558 -1.000000 -1.000000 -1.000000 -1.000000 10.579840 -1.000000 12.664076 -1.000000 -1.000000 -1.000000 -1.000000 -1.000000 11.821626 -1.000000 -1.000000 -1.000000 10.073025  9.428188 -1.000000 -1.000000 -1.000000
-1.000000 -1.000000 -1.000000 -1.000000 -1.000000 -1.000000 -1.000000 -1.000000  5.939617 -1.000000 -1.000000 10.168849 -1.000000 -1.000000  6.483131 -1.000000 11.360375 -1.000000 -1.000000  5.853140 19.788585 -1.000000 -1.000000 -1.000000 -1.000000  9.754495 -1.000000  8.657528 -1.000000 -1.000000
10.218079 -1.000000 -1.000000 -1.000000  8.018576 11.756946 10.950655 -1.000000 10.440378  8.846838 -1.000000 -1.000000 -1.000000 -1.000000  8.888150 -1.000000 12.153178 -1.000000 -1.000000  9.866167 -1.000000 -1.000000 -1.000000 -1.000000  9.070945 -1.000000  9.049034  9.688096 -1.000000 10.174029
 5.129843 17.825125 -1.000000  9.508423 -1.000000 -1.000000 -1.000000  8.773071 11.653672 -1.000000 -1.000000 -1.000000 12.005037 -1.000000 -1.000000 -1.000000 -1.000000 -1.000000 -1.000000 12.579974 -1.000000 10.836666 -1.000000 10.686443 -1.000000 -1.000000 11.110390 12.846779 -1.000000 -1.000000
11.554958 -1.000000 -1.000000  9.048086 -1.000000 -1.000000 -1.000000 -1.000000 11.009175 10.086427 -1.000000 -1.000000 -1.000000  8.340786 -1.000000 -1.000000 -1.000000 -1.000000 -1.000000 12.526920 -1.000000 -1.000000 -1.000000 -1.000000 -1.000000 -1.000000 -1.000000 -1.000000 -1.000000 -1.000000
-1.000000 -1.000000 -1.000000 14.858635 -1.000000 -1.000000 -1.000000 11.893116 -1.000000 15.391397 -1.000000  4.681614 10.018490 12.515531 -1.000000 -1.000000 -1.000000 -1.000000 -1.000000 -1.000000 -1.000000 -1.000000 -1.000000 -1.000000 -1.000000 -1.000000 -1.000000 12.042515 -1.000000 -1.000000
12.535544 -1.000000 -1.000000 -1.000000 -1.000000 -1.000000 -1.000000 12.903904  9.485293  8.876759 -1.000000 -1.000000  6.211967 -1.000000 -1.000000 -1.000000 -1.000000 -1.000000 16.127556 -1.000000 -1.000000 -1.000000 -1.000000 -1.000000 -1.000000 10.446817 -1.000000 -1.000000 -1.000000 -1.000000
-1.000000 -1.000000 -1.000000  8.983134  7.428494 -1.000000 -1.000000  9.490177 -1.000000 10.729614 -1.000000 11.401694  8.580400 -1.000000 -1.000000 -1.000000 10.639240 -1.000000 -1.000000 -1.000000 -1.000000 -1.000000 -1.000000 -1.000000 11.678854  7.145313 11.470467  5.685784 13.430013 10.024031
-1.000000 -1.000000 -1.000000  9.708375 -1.000000  9.730535 -1.000000 -1.000000 -1.000000 -1.000000 -1.000000 -1.000000 12.071686 -1.000000 -1.000000 -1.000000 -1.000000 -1.000000 -1.000000 -1.000000 -1.000000 -1.000000 -1.000000 -1.000000 10.328539 10.047547  7.034800 -1.000000 -1.000000  7.976220
-1.000000 -1.000000 -1.000000 -1.000000 -1.000000 -1.000000 -1.000000 -1.000000 -1.000000 11.578675 16.930388  8.755567 -1.000000 14.227871 12.515493 -1.000000  8.039730 -1.000000 -1.000000 -1.000000 -1.000000 -1.000000 -1.000000 -1.000000 -1.000000 10.289785  9.574719 12.605069 -1.000000 -1.000000
12.216942 -1.000000 -1.000000  9.324194 -1.000000  9.968309 -1.000000 11.243855 -1.000000 -1.000000 -1.000000 -1.000000  8.914515 11.156685 10.024792 -1.000000 10.940289 -1.000000 -1.000000  8.773495 -1.000000 -1.000000 -1.000000 -1.000000 -1.000000 -1.000000 10.837932  8.776245 -1.000000  8.839499
-1.000000 -1.000000 -1.000000 -1.000000  6.037909 11.670474 -1.000000 -1.000000 -1.000000 10.782888 -1.000000 -1.000000 -1.000000 11.714316 -1.000000 -1.000000 -1.000000 -1.000000 -1.000000 -1.000000 -1.000000  9.421195 -1.000000 -1.000000 -1.000000 11.146003 -1.000000 12.532591 -1.000000 -1.000000
 8.999863 -1.000000 -1.000000 -1.000000 -1.000000 -1.000000 -1.000000  8.411506  9.218425 -1.000000 -1.000000  8.011803 -1.000000 12.581467 -1.000000 -1.000000 -1.000000 -1.000000 -1.000000 10.733317 -1.000000  8.682001 -1.000000 -1.000000 11.003265 13.505852 -1.000000 -1.000000 -1.000000 10.567761
10.833617 -1.000000 -1.000000  9.905961 10.545402  8.292642 -1.000000 -1.000000 -1.000000  7.267017 -1.000000 -1.000000 11.752698 12.414968  9.436072 -1.000000  8.119816 -1.000000 -1.000000  6.850806 -1.000000  9.271756 15.928109 -1.000000 -1.000000 -1.000000 11.052840 10.939613 -1.000000  8.505713
 8.317692 -1.000000 -1.000000 -1.000000 10.397246 -1.000000 -1.000000 -1.000000 -1.000000 11.062920 -1.000000 -1.000000 11.036937 -1.000000 11.086004 -1.000000 -1.000000 -1.000000 -1.000000 -1.000000 -1.000000 11.579386 -1.000000 -1.000000 -1.000000 -1.000000 -1.000000 -1.000000 -1.000000  8.132956
 6.618077 -1.000000 -1.000000 13.038454  7.009085  7.717867 -1.000000  8.252641  7.233327 -1.000000 -1.000000 10.046759 10.149051 -1.000000  7.412931 -1.000000  9.135245 -1.000000 -1.000000 11.761344 -1.000000 -1.000000 -1.000000 -1.000000  9.534106 -1.000000 -1.000000 -1.000000 -1.000000 -1.000000
 7.516386 -1.000000 -1.000000 13.379698 11.507763 13.301680 -1.000000  9.276828 11.553716 -1.000000 -1.000000 -1.000000 -1.000000 10.168630  7.639349 -1.000000  9.878953 -1.000000 -1.000000 -1.000000 -1.000000  9.351488 -1.000000 -1.000000 10.610982 11.824098 10.778509 -1.000000 -1.000000 -1.000000
-1.000000 -1.000000 -1.000000 10.809796 10.168291  9.610382 -1.000000 -1.000000 -1.000000 -1.000000 -1.000000 -1.000000 16.237833 -1.000000 -1.000000 -1.000000  9.712261 -1.000000 -1.000000 -1.000000 -1.000000 -1.000000 -1.000000 -1.000000 10.026840  7.182717 -1.000000 -1.000000 -1.000000 14.303196
11.786162 -1.000000 -1.000000 -1.000000 -1.000000 10.103311 -1.000000 10.938264  8.054293 -1.000000 -1.000000 11.695247 -1.000000 12.423146 -1.000000 -1.000000  7.678652 -1.000000 -1.000000  7.735565 -1.000000 10.908014 -1.000000 -1.000000  7.436148 -1.000000  7.641394 -1.000000 -1.000000 -1.000000
