-1.000000  9.598075 13.483810 19.455699 11.447472 11.145857 10.474044 10.932248  7.892800 10.788014 27.618028 19.686877  7.493060 10.699243 11.337875  6.149407  9.931544 11.258824 21.741907  9.356749 11.050437 11.116540 20.992127  8.299787  9.991761 21.590368 10.883353 12.482005 10.911527  9.388506  8.843748 13.130899 -1.000000 -1.000000 -1.000000 -1.000000
-1.000000 -1.000000 -1.000000 -1.000000 -1.000000  7.672887 -1.000000 -1.000000 -1.000000 -1.000000 -1.000000 21.843404 -1.000000 11.439054 -1.000000  9.204258 -1.000000 -1.000000 12.364901 -1.000000 -1.000000 -1.000000 -1.000000 -1.000000  7.521891 -1.000000 -1.000000 -1.000000 -1.000000 -1.000000 -1.000000 -1.000000 -1.000000 -1.000000 -1.000000 -1.000000
-1.000000 -1.000000 -1.000000 -1.000000 -1.000000  6.522185 -1.000000 -1.000000 -1.000000 -1.000000 -1.000000 21.977357 -1.000000 10.093391 -1.000000  9.452899 -1.000000 -1.000000 14.980495 -1.000000 -1.000000 -1.000000 -1.000000 -1.000000  9.964708 -1.000000 -1.000000 -1.000000 -1.000000 -1.000000 -1.000000 -1.000000 -1.000000 -1.000000 -1.000000 -1.000000
-1.000000  9.917010  6.636199 -1.000000 -1.000000 -1.000000 -1.000000 -1.000000 -1.000000 -1.000000 -1.000000 -1.000000 -1.000000 -1.000000 10.472666 10.516789 -1.000000 -1.000000 -1.000000 -1.000000 -1.000000 -1.000000 18.237831 -1.000000 -1.000000 20.877476 11.389038 -1.000000 -1.000000 -1.000000 -1.000000 -1.000000 -1.000000 -1.000000 -1.000000 -1.000000
-1.000000  7.013908  6.636474 -1.000000 -1.000000 -1.000000 -1.000000 -1.000000 -1.000000 -1.000000 -1.000000 -1.000000 -1.000000 -1.000000 12.199560  5.474363 -1.000000 -1.000000 -1.000000 -1.000000 -1.000000 -1.000000 21.696595 -1.000000 -1.000000 16.036175  6.824560 -1.000000 -1.000000 -1.000000 -1.000000 -1.000000 -1.000000 -1.000000 -1.000000 -1.000000
-1.000000 14.005075 11.344265 -1.000000 -1.000000 -1.000000 -1.000000 -1.000000 -1.000000 -1.000000 -1.000000 -1.000000 -1.000000 -1.000000 11.426717  4.302553 -1.000000 -1.000000 -1.000000 -1.000000 -1.000000 -1.000000 22.410651 -1.000000 -1.000000 18.561954 11.813835 -1.000000 -1.000000 -1.000000 -1.000000 -1.000000 -1.000000 -1.000000 -1.000000 -1.000000
-1.000000 11.051431  9.482268 -1.000000 -1.000000 -1.000000 -1.000000 -1.000000 -1.000000 -1.000000 -1.000000 -1.000000 -1.000000 -1.000000  9.970848 11.269168 -1.000000 -1.000000 -1.000000 -1.000000 -1.000000 -1.000000 19.465075 -1.000000 -1.000000 24.640572 13.745556 -1.000000 -1.000000 -1.000000 -1.000000 -1.000000 -1.000000 -1.000000 -1.000000 -1.000000
-1.000000  8.607452 13.031223 -1.000000 -1.000000 -1.000000 -1.000000 -1.000000 -1.000000 -1.000000 -1.000000 -1.000000 -1.000000 -1.000000 11.549764  9.491742 -1.000000 -1.000000 -1.000000 -1.000000 -1.000000 -1.000000 32.143429 -1.000000 -1.000000 18.416828 11.767103 -1.000000 -1.000000 -1.000000 -1.000000 -1.000000 -1.000000 -1.000000 -1.000000 -1.000000
-1.000000 11.115411 11.238273 -1.000000 -1.000000 -1.000000 -1.000000 -1.000000 -1.000000 -1.000000 -1.000000 -1.000000 -1.000000 -1.000000 10.668991 11.726928 -1.000000 -1.000000 -1.000000 -1.000000 -1.000000 -1.000000 20.522524 -1.000000 -1.000000 16.372609 14.018532 -1.000000 -1.000000 -1.000000 -1.000000 -1.000000 -1.000000 -1.000000 -1.000000 -1.000000
-1.000000 -1.000000 -1.000000 -1.000000 -1.000000  7.700600 -1.000000 -1.000000 -1.000000 -1.000000 -1.000000 16.852574 -1.000000  9.975579 -1.000000  7.593499 -1.000000 -1.000000 19.082016 -1.000000 -1.000000 -1.000000 -1.000000 -1.000000  9.852613 -1.000000 -1.000000 -1.000000 -1.000000 -1.000000 -1.000000 -1.000000 -1.000000 -1.000000 -1.000000 -1.000000
-1.000000 -1.000000 -1.000000 -1.000000 -1.000000 13.996526 -1.000000 -1.000000 -1.000000 -1.000000 -1.000000 19.938921 -1.000000  8.138129 -1.000000  8.950022 -1.000000 -1.000000 26.049686 -1.000000 -1.000000 -1.000000 -1.000000 -1.000000 10.041234 -1.000000 -1.000000 -1.000000 -1.000000 -1.000000 -1.000000 -1.000000 -1.000000 -1.000000 -1.000000 -1.000000
-1.000000  9.960482 11.964381 -1.000000 -1.000000 -1.000000 -1.000000 -1.000000 -1.000000 -1.000000 -1.000000 -1.000000 -1.000000 -1.000000 11.307084 11.286150 -1.000000 -1.000000 -1.000000 -1.000000 -1.000000 -1.000000 14.510419 -1.000000 -1.000000 14.191537  8.706849 -1.000000 -1.000000 -1.000000 -1.000000 -1.000000 -1.000000 -1.000000 -1.000000 -1.000000
-1.000000 -1.000000 -1.000000 -1.000000 -1.000000 12.348352 -1.000000 -1.000000 -1.000000 -1.000000 -1.000000 11.429381 -1.000000 10.021958 -1.000000  9.260358 -1.000000 -1.000000 21.564300 -1.000000 -1.000000 -1.000000 -1.000000 -1.000000 11.607913 -1.000000 -1.000000 -1.000000 -1.000000 -1.000000 -1.000000 -1.000000 -1.000000 -1.000000 -1.000000 -1.000000
-1.000000  8.462216  9.945782 -1.000000 -1.000000 -1.000000 -1.000000 -1.000000 -1.000000 -1.000000 -1.000000 -1.000000 -1.000000 -1.000000 12.339259  8.977479 -1.000000 -1.000000 -1.000000 -1.000000 -1.000000 -1.000000 17.512948 -1.000000 -1.000000 23.190971 10.833071 -1.000000 -1.000000 -1.000000 -1.000000 -1.000000 -1.000000 -1.000000 -1.000000 -1.000000
-1.000000  9.582494  9.907516 -1.000000 -1.000000 -1.000000 -1.000000 -1.000000 -1.000000 -1.000000 -1.000000 -1.000000 -1.000000 -1.000000 -1.000000 10.572602 -1.000000 -1.000000 -1.000000 -1.000000 -1.000000 -1.000000 18.370362 -1.000000 -1.000000 18.606385  9.914069 -1.000000 -1.000000 -1.000000 -1.000000 -1.000000 -1.000000 -1.000000 -1.000000 -1.000000
-1.000000  9.024719 10.870760 -1.000000 -1.000000 -1.000000 -1.000000 -1.000000 -1.000000 -1.000000 -1.000000 -1.000000 -1.000000 -1.000000  7.661405 -1.000000 -1.000000 -1.000000 -1.000000 -1.000000 -1.000000 -1.000000 26.615431 -1.000000 -1.000000  9.876865  8.620155 -1.000000 -1.000000 -1.000000 -1.000000 -1.000000 -1.000000 -1.000000 -1.000000 -1.000000
-1.000000 10.175333 10.142964 -1.000000 -1.000000 -1.000000 -1.000000 -1.000000 -1.000000 -1.000000 -1.000000 -1.000000 -1.000000 -1.000000 10.778705 16.027184 -1.000000 -1.000000 -1.000000 -1.000000 -1.000000 -1.000000 17.738327 -1.000000 -1.000000 15.923320 12.655009 -1.000000 -1.000000 -1.000000 -1.000000 -1.000000 -1.000000 -1.000000 -1.000000 -1.000000
-1.000000 -1.000000 -1.000000 -1.000000 -1.000000  8.506304 -1.000000 -1.000000 -1.000000 -1.000000 -1.000000 22.453524 -1.000000 10.357192 -1.000000  6.037291 -1.000000 -1.000000 14.167134 -1.000000 -1.000000 -1.000000 -1.000000 -1.000000  7.893158 -1.000000 -1.000000 -1.000000 -1.000000 -1.000000 -1.000000 -1.000000 -1.000000 -1.000000 -1.000000 -1.000000
-1.000000 -1.000000 -1.000000 -1.000000 -1.000000 10.557203 -1.000000 -1.000000 -1.000000 -1.000000 -1.000000 17.041474 -1.000000  8.010723 -1.000000  8.474699 -1.000000 -1.000000 -1.000000 -1.000000 -1.000000 -1.000000 -1.000000 -1.000000  9.543264 -1.000000 -1.000000 -1.000000 -1.000000 -1.000000 -1.000000 -1.000000 -1.000000 -1.000000 -1.000000 -1.000000
-1.000000 11.803634  6.146009 -1.000000 -1.000000 -1.000000 -1.000000 -1.000000 -1.000000 -1.000000 -1.000000 -1.000000 -1.000000 -1.000000  8.508284  5.586191 -1.000000 -1.000000 -1.000000 -1.000000 -1.000000 -1.000000 29.221757 -1.000000 -1.000000 15.016932  8.627370 -1.000000 -1.000000 -1.000000 -1.000000 -1.000000 -1.000000 -1.000000 -1.000000 -1.000000
-1.000000 -1.000000 -1.000000 -1.000000 -1.000000 -1.000000 -1.000000 -1.000000 -1.000000 -1.000000 -1.000000 -1.000000 -1.000000 -1.000000 -1.000000 12.392478 -1.000000 -1.000000 -1.000000 -1.000000 -1.000000 -1.000000 -1.000000 -1.000000 -1.000000 -1.000000 -1.000000 -1.000000 -1.000000 -1.000000 -1.000000 -1.000000 -1.000000 -1.000000 -1.000000 -1.000000
-1.000000 11.172045 11.333453 -1.000000 -1.000000 -1.000000 -1.000000 -1.000000 -1.000000 -1.000000 -1.000000 -1.000000 -1.000000 -1.000000  9.044666  8.340285 -1.000000 -1.000000 -1.000000 -1.000000 -1.000000 -1.000000 17.840248 -1.000000 -1.000000 13.624871  8.451194 -1.000000 -1.000000 -1.000000 -1.000000 -1.000000 -1.000000 -1.000000 -1.000000 -1.000000
 9.197694  9.641400  6.783934 17.934995  8.963980  7.113075  7.828964  6.690949  9.306058 11.336260 15.941866 19.093415 12.685750  9.404896  9.166255 12.527953  9.090414  6.365294 23.908814 10.399728  7.975727  9.752286 -1.000000  9.668308 11.276490 15.178303 10.117247  9.899180  9.619181 12.874723 10.331024 10.630095 -1.000000 -1.000000 -1.000000 -1.000000
-1.000000 10.818842  8.862752 -1.000000 -1.000000 -1.000000 -1.000000 -1.000000 -1.000000 -1.000000 -1.000000 -1.000000 -1.000000 -1.000000 10.359480 11.653833 -1.000000 -1.000000 -1.000000 -1.000000 -1.000000 -1.000000 22.999129 -1.000000 -1.000000 22.187210  8.777744 -1.000000 -1.000000 -1.000000 -1.000000 -1.000000 -1.000000 -1.000000 -1.000000 -1.000000
 8.303202 11.921837  8.916804 11.810073  9.680077 11.407692  9.142978  8.090780  8.568216 11.852264 21.180529 23.321148 12.931058  8.816164 13.537772  6.175565 11.319943 10.237974 20.954464  8.503117  6.361268  9.801559 25.912059 10.339241 -1.000000 21.321392 11.458909 14.506860 11.877831  7.688957  9.612496  8.469451 -1.000000 -1.000000 -1.000000 -1.000000
 8.717775  6.615555  5.568390 17.118721  8.645668 13.438768  8.169213 10.003314 11.100769 11.032941 21.400092 18.682361  9.323735 10.062937  9.600344 10.010421  7.679313 11.923345 19.212289 11.170373  9.363244 11.427333 20.598431 12.371258 11.329436 -1.000000 11.619632 12.284826 11.352033  8.046735 10.068382  7.079381 -1.000000 -1.000000 -1.000000 -1.000000
-1.000000 -1.000000 -1.000000 -1.000000 -1.000000  6.670035 -1.000000 -1.000000 -1.000000 -1.000000 -1.000000 19.867907 -1.000000  7.317419 -1.000000  7.600865 -1.000000 -1.000000 26.110871 -1.000000 -1.000000 -1.000000 -1.000000 -1.000000 11.561036 -1.000000 -1.000000 -1.000000 -1.000000 -1.000000 -1.000000 -1.000000 -1.000000 -1.000000 -1.000000 -1.000000
-1.000000 10.510171 11.549647 -1.000000 -1.000000 -1.000000 -1.000000 -1.000000 -1.000000 -1.000000 -1.000000 -1.000000 -1.000000 -1.000000  4.116453 12.256549 -1.000000 -1.000000 -1.000000 -1.000000 -1.000000 -1.000000 16.817596 -1.000000 -1.000000 15.462457 11.709691 -1.000000 -1.000000 -1.000000 -1.000000 -1.000000 -1.000000 -1.000000 -1.000000 -1.000000
-1.000000 11.647957  7.865559 -1.000000 -1.000000 -1.000000 -1.000000 -1.000000 -1.000000 -1.000000 -1.000000 -1.000000 -1.000000 -1.000000 10.634926 10.011246 -1.000000 -1.000000 -1.000000 -1.000000 -1.000000 -1.000000 16.226859 -1.000000 -1.000000 20.734744 11.426043 -1.000000 -1.000000 -1.000000 -1.000000 -1.000000 -1.000000 -1.000000 -1.000000 -1.000000
-1.000000 12.856701 11.013892 -1.000000 -1.000000 -1.000000 -1.000000 -1.000000 -1.000000 -1.000000 -1.000000 -1.000000 -1.000000 -1.000000  8.258588  6.445208 -1.000000 -1.000000 -1.000000 -1.000000 -1.000000 -1.000000 15.905056 -1.000000 -1.000000 15.412310 10.887294 -1.000000 -1.000000 -1.000000 -1.000000 -1.000000 -1.000000 -1.000000 -1.000000 -1.000000
-1.000000 -1.000000 -1.000000 -1.000000 -1.000000 -1.000000 -1.000000 -1.000000 -1.000000 -1.000000 -1.000000 -1.000000 -1.000000 -1.000000 -1.000000 10.479016 -1.000000 -1.000000 -1.000000 -1.000000 -1.000000 -1.000000 -1.000000 -1.000000 -1.000000 -1.000000 -1.000000 -1.000000 -1.000000 -1.000000 -1.000000 -1.000000 -1.000000 -1.000000 -1.000000 -1.000000
-1.000000 11.267862  9.578131 -1.000000 -1.000000 -1.000000 -1.000000 -1.000000 -1.000000 -1.000000 -1.000000 -1.000000 -1.000000 -1.000000  8.441387 10.373562 -1.000000 -1.000000 -1.000000 -1.000000 -1.000000 -1.000000 26.017671 -1.000000 -1.000000 15.397229 12.568040 -1.000000 -1.000000 -1.000000 -1.000000 -1.000000 -1.000000 -1.000000 -1.000000 -1.000000
11.820632 12.019722  9.320936 29.611139  7.751395  9.952540  9.974110 10.795893  7.952394 10.898852 15.915540 21.767429 11.640198  9.277214  9.369730 11.582055  9.460139 11.846942 14.999081 12.386578  8.569166 10.908190 24.016820 10.712012  9.382758 19.937516  9.541449 10.206322  6.035381 12.329487  8.722972  8.728857 -1.000000 -1.000000 -1.000000 -1.000000
-1.000000 -1.000000 -1.000000 -1.000000 -1.000000  9.767365 -1.000000 -1.000000 -1.000000 -1.000000 -1.000000 11.002787 -1.000000  7.260206 -1.000000  9.382122 -1.000000 -1.000000 16.536520 -1.000000 -1.000000 -1.000000 -1.000000 -1.000000  6.464000 -1.000000 -1.000000 -1.000000 -1.000000 -1.000000 -1.000000 -1.000000 -1.000000 -1.000000 -1.000000 -1.000000
13.855696  5.954729 11.238606 21.324858 12.479051  7.493156 10.599870 12.451474 10.657326  8.914158 16.709129 15.351568  4.723190  6.738616  8.395802  9.752638  7.588676 10.017965 15.398379 12.311796  7.455590 11.902969 26.884850  8.474430  9.415598 20.677176  6.742720  8.097748 11.150540  8.234832  9.637276  9.696196 -1.000000 -1.000000 -1.000000 -1.000000
-1.000000 10.982286 13.280838 -1.000000 -1.000000 -1.000000 -1.000000 -1.000000 -1.000000 -1.000000 -1.000000 -1.000000 -1.000000 -1.000000  9.786640 11.788538 -1.000000 -1.000000 -1.000000 -1.000000 -1.000000 -1.000000 18.105256 -1.000000 -1.000000 26.162358  9.043008 -1.000000 -1.000000 -1.000000 -1.000000 -1.000000 -1.000000 -1.000000 -1.000000 -1.000000
