-1.000000 -1.000000 -1.000000  7.822172 22.498003 -1.000000 -1.000000 -1.000000 -1.000000 -1.000000 -1.000000  7.545154  7.316934  7.958097  8.006590 -1.000000 -1.000000 -1.000000 -1.000000 -1.000000 -1.000000 -1.000000 -1.000000 -1.000000 -1.000000 -1.000000 10.219979 -1.000000 -1.000000 -1.000000  7.719338 -1.000000 -1.000000 -1.000000 -1.000000 -1.000000
-1.000000 -1.000000 -1.000000 10.790256 17.412460 -1.000000 -1.000000 -1.000000 -1.000000 -1.000000 -1.000000  6.872522  7.501802 12.323209 12.168612 -1.000000 -1.000000 -1.000000 -1.000000 -1.000000 -1.000000 -1.000000 -1.000000 -1.000000 -1.000000 -1.000000 14.063043 -1.000000 -1.000000 -1.000000 10.090614 -1.000000 -1.000000 -1.000000 -1.000000 -1.000000
-1.000000 -1.000000 -1.000000 -1.000000 -1.000000 10.822492 13.170207 -1.000000 13.641078 -1.000000 -1.000000 -1.000000 -1.000000 -1.000000 -1.000000 -1.000000 -1.000000 -1.000000 -1.000000 27.678077 -1.000000 -1.000000 -1.000000 -1.000000 -1.000000 10.060181 -1.000000 -1.000000 -1.000000 -1.000000 -1.000000 -1.000000 -1.000000 -1.000000 -1.000000 -1.000000
-1.000000 -1.000000 -1.000000 -1.000000 24.234537 -1.000000 -1.000000 -1.000000 -1.000000 -1.000000 -1.000000 13.201222 11.152001  7.921893  6.921709 -1.000000 -1.000000 -1.000000 -1.000000 -1.000000 -1.000000 -1.000000 -1.000000 -1.000000 -1.000000 -1.000000 13.869635 -1.000000 -1.000000 -1.000000 13.288647 -1.000000 -1.000000 -1.000000 -1.000000 -1.000000
-1.000000 -1.000000 -1.000000  8.949582 -1.000000 -1.000000 -1.000000 -1.000000 -1.000000 -1.000000 -1.000000 10.757593 11.704676  8.651111 10.118306 -1.000000 -1.000000 -1.000000 -1.000000 -1.000000 -1.000000 -1.000000 -1.000000 -1.000000 -1.000000 -1.000000  6.124175 -1.000000 -1.000000 -1.000000 10.260683 -1.000000 -1.000000 -1.000000 -1.000000 -1.000000
-1.000000 -1.000000 -1.000000  8.658749 20.861665 -1.000000 -1.000000 -1.000000 -1.000000 -1.000000 -1.000000 10.661722 11.848327 10.851650 11.086625 -1.000000 -1.000000 -1.000000 -1.000000 -1.000000 -1.000000 -1.000000 -1.000000 -1.000000 -1.000000 -1.000000  8.549760 -1.000000 -1.000000 -1.000000  9.434118 -1.000000 -1.000000 -1.000000 -1.000000 -1.000000
11.327633 11.857516 12.086766 12.491344 22.616017  9.881210 -1.000000  5.818078  8.856107  8.123353 11.253086 12.445119 10.006549 12.132299  9.786982 13.772917  5.556585 18.335073 12.813571 15.113884 13.122722 14.707139  9.909559 11.844999  8.634737 11.154783  6.446010 18.486458  9.963921 28.745124  8.621075 11.422854 -1.000000 -1.000000 -1.000000 -1.000000
-1.000000 -1.000000 -1.000000 10.171377 17.724773 -1.000000 -1.000000 -1.000000 -1.000000 -1.000000 -1.000000  7.873462  8.955299  9.364459  9.448849 -1.000000 -1.000000 -1.000000 -1.000000 -1.000000 -1.000000 -1.000000 -1.000000 -1.000000 -1.000000 -1.000000  8.852820 -1.000000 -1.000000 -1.000000 10.629384 -1.000000 -1.000000 -1.000000 -1.000000 -1.000000
 6.789261  9.746141 10.220112 12.945172 20.512184  7.606970  8.571259  7.555907 -1.000000 10.365480 12.121914  6.544446  9.088139  8.847880  9.705438 13.349247 10.425539 17.238866  9.573333 16.508217  9.396211 23.225995 10.154429 10.544065 12.986204  5.229985 11.995124 19.940661 10.886845 22.260459  7.668861 10.400050 -1.000000 -1.000000 -1.000000 -1.000000
-1.000000 -1.000000 -1.000000  7.243042 21.518097 -1.000000 -1.000000 -1.000000 -1.000000 -1.000000 -1.000000  8.103123  7.055564  9.477180  6.204751 -1.000000 -1.000000 -1.000000 -1.000000 -1.000000 -1.000000 -1.000000 -1.000000 -1.000000 -1.000000 -1.000000  9.005103 -1.000000 -1.000000 -1.000000 11.801182 -1.000000 -1.000000 -1.000000 -1.000000 -1.000000
-1.000000 -1.000000 -1.000000  7.304847 21.425677 -1.000000 -1.000000 -1.000000 -1.000000 -1.000000 -1.000000  8.652725  8.516887  6.293523 10.940944 -1.000000 -1.000000 -1.000000 -1.000000 -1.000000 -1.000000 -1.000000 -1.000000 -1.000000 -1.000000 -1.000000 14.203252 -1.000000 -1.000000 -1.000000  6.490761 -1.000000 -1.000000 -1.000000 -1.000000 -1.000000
-1.000000 -1.000000 -1.000000 -1.000000 -1.000000 11.870959 11.743531 -1.000000 11.667829 -1.000000 -1.000000 -1.000000 -1.000000 -1.000000 -1.000000 -1.000000 -1.000000 -1.000000 -1.000000 15.417311 -1.000000 -1.000000 -1.000000 -1.000000 -1.000000 11.464855 -1.000000 -1.000000 -1.000000 -1.000000 -1.000000 -1.000000 -1.000000 -1.000000 -1.000000 -1.000000
-1.000000 -1.000000 -1.000000 -1.000000 -1.000000 -1.000000 -1.000000 -1.000000 -1.000000 -1.000000 -1.000000 -1.000000 -1.000000 -1.000000 -1.000000 -1.000000 -1.000000 -1.000000 -1.000000 -1.000000 -1.000000 -1.000000 -1.000000 -1.000000 -1.000000 -1.000000 -1.000000 -1.000000 -1.000000 -1.000000 -1.000000 -1.000000 -1.000000 -1.000000 -1.000000 -1.000000
-1.000000 -1.000000 -1.000000 10.041347  9.790040 -1.000000 -1.000000 -1.000000 -1.000000 -1.000000 -1.000000 10.547436 10.571270 -1.000000 10.051119 -1.000000 -1.000000 -1.000000 -1.000000 -1.000000 -1.000000 -1.000000 -1.000000 -1.000000 -1.000000 -1.000000  9.473197 -1.000000 -1.000000 -1.000000 10.033901 -1.000000 -1.000000 -1.000000 -1.000000 -1.000000
-1.000000 -1.000000 -1.000000 -1.000000 -1.000000  9.180627  6.101709 -1.000000  8.888302 -1.000000 -1.000000 -1.000000 -1.000000 -1.000000 -1.000000 -1.000000 -1.000000 -1.000000 -1.000000 15.728186 -1.000000 -1.000000 -1.000000 -1.000000 -1.000000  9.976883 -1.000000 -1.000000 -1.000000 -1.000000 -1.000000 -1.000000 -1.000000 -1.000000 -1.000000 -1.000000
-1.000000 -1.000000 -1.000000  8.532951 13.799515 -1.000000 -1.000000 -1.000000 -1.000000 -1.000000 -1.000000 10.845584 10.450915  6.146450  8.643791 -1.000000 -1.000000 -1.000000 -1.000000 -1.000000 -1.000000 -1.000000 -1.000000 -1.000000 -1.000000 -1.000000 11.389442 -1.000000 -1.000000 -1.000000 11.058740 -1.000000 -1.000000 -1.000000 -1.000000 -1.000000
-1.000000 -1.000000 -1.000000 11.031713 24.304978 -1.000000 -1.000000 -1.000000 -1.000000 -1.000000 -1.000000  6.954607  9.563445 10.026181 12.502888 -1.000000 -1.000000 -1.000000 -1.000000 -1.000000 -1.000000 -1.000000 -1.000000 -1.000000 -1.000000 -1.000000  9.375013 -1.000000 -1.000000 -1.000000 14.355594 -1.000000 -1.000000 -1.000000 -1.000000 -1.000000
11.285165 11.627044  7.306407  9.224831 14.588601 12.054649 10.458374  8.930623  5.863108  8.131112  7.698254 11.788559  6.782949 10.880848 10.184039 21.764890  7.593665 -1.000000  9.139397 18.320598 11.086417 12.644121 10.651932  7.743792 12.466354 11.099177  7.962960 19.897910 11.067571 20.700240 10.228698 10.871608 -1.000000 -1.000000 -1.000000 -1.000000
-1.000000 -1.000000 -1.000000  7.017543 26.899722 -1.000000 -1.000000 -1.000000 -1.000000 -1.000000 -1.000000 12.344383  7.161422  7.499384  9.983595 -1.000000 -1.000000 -1.000000 -1.000000 -1.000000 -1.000000 -1.000000 -1.000000 -1.000000 -1.000000 -1.000000  9.935979 -1.000000 -1.000000 -1.000000 10.020150 -1.000000 -1.000000 -1.000000 -1.000000 -1.000000
14.291199  7.852791 11.036327 13.316189 15.894710 10.165064  9.118911 10.900130  9.390206  7.162055  9.864400  8.193526  9.385307  8.703495  9.012246 15.958337  9.810545 16.427185 10.113336 -1.000000  9.205535 18.098075 10.474422  8.159018  6.198768 10.073226  5.930734 18.227400  8.133278 19.432557  8.091002 11.808591 -1.000000 -1.000000 -1.000000 -1.000000
-1.000000 -1.000000 -1.000000 -1.000000 -1.000000 -1.000000 -1.000000 -1.000000 -1.000000 -1.000000 -1.000000 -1.000000 -1.000000 -1.000000 -1.000000 -1.000000 -1.000000 -1.000000 -1.000000 -1.000000 -1.000000 -1.000000 -1.000000 -1.000000 -1.000000 -1.000000 -1.000000 -1.000000 -1.000000 -1.000000 -1.000000 -1.000000 -1.000000 -1.000000 -1.000000 -1.000000
-1.000000 -1.000000 -1.000000 -1.000000 -1.000000  7.935457 11.137758 -1.000000  5.792334 -1.000000 -1.000000 -1.000000 -1.000000 -1.000000 -1.000000 -1.000000 -1.000000 -1.000000 -1.000000 21.319383 -1.000000 -1.000000 -1.000000 -1.000000 -1.000000 10.494269 -1.000000 -1.000000 -1.000000 -1.000000 -1.000000 -1.000000 -1.000000 -1.000000 -1.000000 -1.000000
-1.000000 -1.000000 -1.000000  8.874453 25.894663 -1.000000 -1.000000 -1.000000 -1.000000 -1.000000 -1.000000 11.390771  7.466917 12.082793  6.493495 -1.000000 -1.000000 -1.000000 -1.000000 -1.000000 -1.000000 -1.000000 -1.000000 -1.000000 -1.000000 -1.000000  9.218321 -1.000000 -1.000000 -1.000000  8.831939 -1.000000 -1.000000 -1.000000 -1.000000 -1.000000
-1.000000 -1.000000 -1.000000 -1.000000 -1.000000 -1.000000 -1.000000 -1.000000 -1.000000 -1.000000 -1.000000 -1.000000 -1.000000 -1.000000 -1.000000 -1.000000 -1.000000 -1.000000 -1.000000 -1.000000 -1.000000 -1.000000 -1.000000 -1.000000 -1.000000 -1.000000 -1.000000 -1.000000 -1.000000 -1.000000 -1.000000 -1.000000 -1.000000 -1.000000 -1.000000 -1.000000
-1.000000 -1.000000 -1.000000 -1.000000 -1.000000  8.081386  9.780889 -1.000000  7.989117 -1.000000 -1.000000 -1.000000 -1.000000 -1.000000 -1.000000 -1.000000 -1.000000 -1.000000 -1.000000 22.674451 -1.000000 -1.000000 -1.000000 -1.000000 -1.000000 10.103939 -1.000000 -1.000000 -1.000000 -1.000000 -1.000000 -1.000000 -1.000000 -1.000000 -1.000000 -1.000000
-1.000000 -1.000000 -1.000000 -1.000000 -1.000000 10.924633  8.467060 -1.000000  9.968769 -1.000000 -1.000000 -1.000000 -1.000000 -1.000000 -1.000000 -1.000000 -1.000000 -1.000000 -1.000000 16.457486 -1.000000 -1.000000 -1.000000 -1.000000 -1.000000 -1.000000 -1.000000 -1.000000 -1.000000 -1.000000 -1.000000 -1.000000 -1.000000 -1.000000 -1.000000 -1.000000
 7.677432  9.651709  8.346557  8.846615 23.813207 10.475864  7.678280 10.257713  8.991341  7.890047 11.021040  8.716847 10.204069 11.007716  9.368240 12.894286 11.498550 16.388259 10.475475 18.618941  8.203337 17.611683 11.567117 12.514911  7.831767 14.783047 -1.000000 18.052192  9.404484 23.214138 11.105665  8.959681 -1.000000 -1.000000 -1.000000 -1.000000
-1.000000 -1.000000 -1.000000  9.783166 18.676636 -1.000000 -1.000000 -1.000000 -1.000000 -1.000000 -1.000000 13.509453  7.756594 10.900462 12.724377 -1.000000 -1.000000 -1.000000 -1.000000 -1.000000 -1.000000 -1.000000 -1.000000 -1.000000 -1.000000 -1.000000 10.702694 -1.000000 -1.000000 -1.000000 10.721370 -1.000000 -1.000000 -1.000000 -1.000000 -1.000000
13.686709 11.483688 10.853477 10.077337 32.361700 10.692365  8.707445 12.107236 10.716590  5.677491 13.836228  7.368354  9.230495  9.983101  9.949119 22.347092  8.466154 15.694490 10.392067 21.818341 11.803510 20.586044 10.491051 10.092086 10.846815 11.311327 13.307794 12.609545 -1.000000 22.256772 12.187204  9.199189 -1.000000 -1.000000 -1.000000 -1.000000
10.941384  6.286740 10.455306 10.906405 18.083446  9.863211  6.918221  9.940295 10.988758 12.309081 10.044790 11.414746  8.954625 10.682178  7.206110 19.676717 11.221262 27.013718  7.475819 21.844757 14.634943 19.299716 13.269346  7.891049  6.701191  8.353988  9.196534 23.430535 11.113749 -1.000000  9.038989 12.380799 -1.000000 -1.000000 -1.000000 -1.000000
-1.000000 -1.000000 -1.000000 -1.000000 -1.000000  7.936304  8.267655 -1.000000  7.627608 -1.000000 -1.000000 -1.000000 -1.000000 -1.000000 -1.000000 -1.000000 -1.000000 -1.000000 -1.000000 21.839846 -1.000000 -1.000000 -1.000000 -1.000000 -1.000000  8.755425 -1.000000 -1.000000 -1.000000 -1.000000 -1.000000 -1.000000 -1.000000 -1.000000 -1.000000 -1.000000
-1.000000 -1.000000 -1.000000  8.810165 24.814678 -1.000000 -1.000000 -1.000000 -1.000000 -1.000000 -1.000000  8.415610  9.262890 11.618592  8.967679 -1.000000 -1.000000 -1.000000 -1.000000 -1.000000 -1.000000 -1.000000 -1.000000 -1.000000 -1.000000 -1.000000 10.042131 -1.000000 -1.000000 -1.000000 11.069590 -1.000000 -1.000000 -1.000000 -1.000000 -1.000000
11.901552 12.335720 10.620118  7.913242 16.275471 10.387423  9.774851 14.217126 11.590679 11.464716 10.421803 12.032103  9.871265  9.631082  9.226384 12.132851 10.064251 24.225890  9.430227 21.874767  8.710691 20.153509 11.965704 11.392203 10.966554  9.661505  9.437306 12.316890 11.173864 22.515686 11.953442 10.705983 -1.000000 -1.000000 -1.000000 -1.000000
-1.000000 -1.000000 -1.000000 11.282791 20.379678 -1.000000 -1.000000 -1.000000 -1.000000 -1.000000 -1.000000  6.592072  9.570592  9.015184  8.140599 -1.000000 -1.000000 -1.000000 -1.000000 -1.000000 -1.000000 -1.000000 -1.000000 -1.000000 -1.000000 -1.000000 12.853824 -1.000000 -1.000000 -1.000000  9.435466 -1.000000 -1.000000 -1.000000 -1.000000 -1.000000
-1.000000 -1.000000 -1.000000 -1.000000 -1.000000 -1.000000 -1.000000 -1.000000 -1.000000 -1.000000 -1.000000 -1.000000 -1.000000 -1.000000 -1.000000 -1.000000 -1.000000 -1.000000 -1.000000 -1.000000 -1.000000 -1.000000 -1.000000 -1.000000 -1.000000 -1.000000 -1.000000 -1.000000 -1.000000 -1.000000 -1.000000 -1.000000 -1.000000 -1.000000 -1.000000 -1.000000
11.830986  9.303487  8.643109  8.372242 27.381764  8.645695  8.444317 10.018649  6.531099 14.245516  8.917761 12.806046  9.058919  9.280136  9.479096 20.212168 10.297175 20.736206  6.994673 22.561572  9.800410 16.321143 12.722906 11.100546 10.849304  8.315040 10.923382 23.010877 10.640578 17.794745  8.213272 10.475551 -1.000000 -1.000000 -1.000000 -1.000000
