-1.000000 10.962057  8.276381 10.575582  3.370792  7.409106 10.640573  8.768652  6.951316 12.302183 13.669062 10.152077  7.508011  8.208663  7.846629  8.453417 -1.000000 -1.000000
-1.000000 -1.000000 -1.000000 -1.000000 -1.000000 -1.000000 -1.000000 11.173373 -1.000000  9.556169  6.930704 -1.000000 13.067761 -1.000000 -1.000000 -1.000000 -1.000000 -1.000000
-1.000000 -1.000000 -1.000000 -1.000000 -1.000000 -1.000000 -1.000000 11.211155 -1.000000 10.659303 10.363646 -1.000000 10.783680 -1.000000 -1.000000 -1.000000 -1.000000 -1.000000
-1.000000 -1.000000 -1.000000 -1.000000 -1.000000 -1.000000 -1.000000 13.690142 -1.000000 11.487358 10.814958 -1.000000 13.734661 -1.000000 -1.000000 -1.000000 -1.000000 -1.000000
-1.000000 -1.000000 16.059248 10.254879 -1.000000  8.298384 -1.000000 -1.000000 -1.000000 -1.000000 -1.000000 -1.000000 -1.000000 -1.000000 -1.000000 -1.000000 -1.000000 -1.000000
21.497606 10.388532  9.380475  6.667295  8.980713 -1.000000 10.852835  9.306422 10.431528  8.035413 10.114313 11.046782 12.382927  9.579657  9.900556 10.119946 -1.000000 -1.000000
-1.000000 -1.000000 -1.000000 -1.000000 -1.000000 -1.000000 -1.000000 11.770519 -1.000000  8.595072  9.347955 -1.000000  9.927685 -1.000000 -1.000000 -1.000000 -1.000000 -1.000000
-1.000000 -1.000000 -1.000000 -1.000000 -1.000000 -1.000000 -1.000000 -1.000000 -1.000000 12.521002  9.499750 -1.000000  6.358431 -1.000000 -1.000000 -1.000000 -1.000000 -1.000000
-1.000000 -1.000000 -1.000000 -1.000000 -1.000000 -1.000000 -1.000000  8.747527 -1.000000 11.027359  7.730660 -1.000000 12.172187 -1.000000 -1.000000 -1.000000 -1.000000 -1.000000
-1.000000 -1.000000  8.178579  8.124447 -1.000000  9.114449 -1.000000 -1.000000 -1.000000 -1.000000 -1.000000 -1.000000 -1.000000 -1.000000 -1.000000 -1.000000 -1.000000 -1.000000
17.532459 10.930886  9.799094 10.243064 11.110298 10.316550  9.730950 11.089823 10.977405  7.573421 -1.000000 11.329971  8.138652  8.964578 10.719535 10.649159 -1.000000 -1.000000
-1.000000 -1.000000 -1.000000 -1.000000 -1.000000 -1.000000 -1.000000  9.945229 -1.000000  8.506706  9.825135 -1.000000 10.398984 -1.000000 -1.000000 -1.000000 -1.000000 -1.000000
-1.000000 -1.000000  8.425359  8.086855 -1.000000  7.854906 -1.000000 -1.000000 -1.000000 -1.000000 -1.000000 -1.000000 -1.000000 -1.000000 -1.000000 -1.000000 -1.000000 -1.000000
-1.000000 -1.000000  8.473476 10.115863 -1.000000 11.057664 -1.000000 -1.000000 -1.000000 -1.000000 -1.000000 -1.000000 -1.000000 -1.000000 -1.000000 -1.000000 -1.000000 -1.000000
-1.000000 -1.000000 10.478182 12.495776 -1.000000  8.651922 -1.000000 -1.000000 -1.000000 -1.000000 -1.000000 -1.000000 -1.000000 -1.000000 -1.000000 -1.000000 -1.000000 -1.000000
19.668397  7.777846 11.924363  6.579732 12.010295 12.243124 12.723385 11.092192  7.265494 14.663569 12.780391  9.794051 12.990475  4.701306  8.149370 -1.000000 -1.000000 -1.000000
-1.000000 -1.000000 -1.000000 -1.000000 -1.000000 -1.000000 -1.000000  9.039973 -1.000000 11.836940  8.157296 -1.000000  9.344418 -1.000000 -1.000000 -1.000000 -1.000000 -1.000000
15.864501  7.225830  5.857370  9.381752 10.416834  9.305473 10.322601 11.019199 13.359047 13.493861 10.582062 12.272574  9.022540 11.877766  7.717351  9.017247 -1.000000 -1.000000
