-1.000000 -1.000000 -1.000000 -1.000000 -1.000000  9.734533 -1.000000 -1.000000 -1.000000 -1.000000  9.178807 -1.000000 -1.000000  8.225081 -1.000000 -1.000000 -1.000000 -1.000000 -1.000000 10.782624 -1.000000 -1.000000 -1.000000 -1.000000 -1.000000 -1.000000 -1.000000 -1.000000 -1.000000 -1.000000 -1.000000  5.042558 -1.000000 -1.000000 -1.000000
12.079167 -1.000000 10.250691 24.001198 10.465260  7.774711 17.327753 10.976414 10.908127  6.934965  8.887128  9.902123 19.774041 13.497102  6.761948  6.515652 10.378865 15.104036 17.446426  8.273128 10.230207 11.317724  8.827155  6.981253  8.404570  8.901108  8.953670  9.769038 14.104655  9.614214 21.949339 10.563085 -1.000000 -1.000000 -1.000000
-1.000000 -1.000000 -1.000000 -1.000000 -1.000000 -1.000000 16.813163 -1.000000 -1.000000 -1.000000 -1.000000 -1.000000 21.090669  9.859205 -1.000000 -1.000000 -1.000000 -1.000000 23.404209 -1.000000 -1.000000 -1.000000 -1.000000 -1.000000 -1.000000 -1.000000 -1.000000 -1.000000 -1.000000 -1.000000 -1.000000 -1.000000 -1.000000 -1.000000 -1.000000
10.042104 13.926598  9.626149 -1.000000 10.751520  7.817581 30.190769 10.910159  8.733518 10.753227  9.459014 10.406194 31.979378 10.579458  9.045014  9.956058  9.666489 25.464105 18.536333  8.825644  9.506687  9.300022  7.923711 11.530879  9.131896 12.833697 12.203738 11.344612  8.115667  7.835047 19.779832  8.974399 -1.000000 -1.000000 -1.000000
-1.000000 -1.000000 -1.000000 -1.000000 -1.000000 -1.000000 -1.000000 -1.000000 -1.000000 -1.000000 -1.000000 -1.000000 -1.000000 10.221486 -1.000000 -1.000000 -1.000000 -1.000000 -1.000000 -1.000000 -1.000000 -1.000000 -1.000000 -1.000000 -1.000000 -1.000000 -1.000000 -1.000000 -1.000000 -1.000000 -1.000000 -1.000000 -1.000000 -1.000000 -1.000000
-1.000000 -1.000000 -1.000000 -1.000000 -1.000000 -1.000000 15.329803 -1.000000 -1.000000 -1.000000 -1.000000 -1.000000 18.203727  7.484626 -1.000000 -1.000000 -1.000000 -1.000000 24.214508 -1.000000 -1.000000 -1.000000 -1.000000 -1.000000 -1.000000 -1.000000 -1.000000 -1.000000 -1.000000 -1.000000 -1.000000 -1.000000 -1.000000 -1.000000 -1.000000
 8.212399 11.740424 11.169675 21.250665 10.840331 11.419919 -1.000000  7.439785 11.871747 12.564843  9.837793  7.588818 24.517335 12.401591  8.356614  9.195739  7.325026 25.787818 24.888203  7.688792 11.060010 14.166877  9.982303  8.747279 11.787543  8.550262  7.242162 11.419487 10.241327  9.808518 20.558515  8.211540 -1.000000 -1.000000 -1.000000
-1.000000 -1.000000 -1.000000 -1.000000 -1.000000 -1.000000 24.991098 -1.000000 -1.000000 -1.000000 -1.000000 -1.000000 20.407405  8.681039 -1.000000 -1.000000 -1.000000 -1.000000 26.813427 -1.000000 -1.000000 -1.000000 -1.000000 -1.000000 -1.000000 -1.000000 -1.000000 -1.000000 -1.000000 -1.000000 -1.000000 -1.000000 -1.000000 -1.000000 -1.000000
-1.000000 -1.000000 -1.000000 -1.000000 -1.000000 -1.000000 22.853797 -1.000000 -1.000000 -1.000000 -1.000000 -1.000000 12.076532  9.077934 -1.000000 -1.000000 -1.000000 -1.000000 19.789186 -1.000000 -1.000000 -1.000000 -1.000000 -1.000000 -1.000000 -1.000000 -1.000000 -1.000000 -1.000000 -1.000000 -1.000000 -1.000000 -1.000000 -1.000000 -1.000000
-1.000000 -1.000000 -1.000000 -1.000000 -1.000000 -1.000000 22.325044 -1.000000 -1.000000 -1.000000 -1.000000 -1.000000 20.336231 10.745893 -1.000000 -1.000000 -1.000000 -1.000000 27.258529 -1.000000 -1.000000 -1.000000 -1.000000 -1.000000 -1.000000 -1.000000 -1.000000 -1.000000 -1.000000 -1.000000 -1.000000 -1.000000 -1.000000 -1.000000 -1.000000
-1.000000 -1.000000 -1.000000 -1.000000 -1.000000 -1.000000 22.250264 -1.000000 -1.000000 -1.000000 -1.000000 -1.000000 18.864612  8.519817 -1.000000 -1.000000 -1.000000 -1.000000 22.177480 -1.000000 -1.000000 -1.000000 -1.000000 -1.000000 -1.000000 -1.000000 -1.000000 -1.000000 -1.000000 -1.000000 -1.000000 -1.000000 -1.000000 -1.000000 -1.000000
-1.000000 -1.000000 -1.000000 -1.000000 -1.000000 -1.000000 23.719874 -1.000000 -1.000000 -1.000000 -1.000000 -1.000000 11.677964  8.449452 -1.000000 -1.000000 -1.000000 -1.000000 25.037115 -1.000000 -1.000000 -1.000000 -1.000000 -1.000000 -1.000000 -1.000000 -1.000000 -1.000000 -1.000000 -1.000000 -1.000000 -1.000000 -1.000000 -1.000000 -1.000000
11.177486 11.591486 10.530632 30.529171 10.215534  8.626131 16.913981 10.772285  9.763284  7.906821  9.585309 11.829467 -1.000000  7.780757 10.671422 11.878332  9.489215 19.550728 17.311482  7.094952  6.812765 12.364348  9.321585 11.806574 11.738172  7.354251  7.853475  5.725299  5.841035  9.223837 12.093507  9.622596 -1.000000 -1.000000 -1.000000
 9.964335 11.144215 12.744613 25.085468 10.826396 11.288038 16.783498 15.407944  9.536983 12.168246 12.246210  6.967554 15.423811 -1.000000  8.946009  8.629719 12.073282 10.342281 17.682875 11.473083 12.101006 10.702752 12.026101 10.293917  7.355326  9.587624 11.474335  7.504805 13.096405  8.806296 17.673478  5.654904 -1.000000 -1.000000 -1.000000
-1.000000 -1.000000 -1.000000 -1.000000 -1.000000 -1.000000 22.950406 -1.000000 -1.000000 -1.000000 -1.000000 -1.000000 21.629550 13.317013 -1.000000 -1.000000 -1.000000 -1.000000 19.721785 -1.000000 -1.000000 -1.000000 -1.000000 -1.000000 -1.000000 -1.000000 -1.000000 -1.000000 -1.000000 -1.000000 -1.000000 -1.000000 -1.000000 -1.000000 -1.000000
-1.000000 -1.000000 -1.000000 -1.000000 -1.000000  8.599667 -1.000000 -1.000000 -1.000000 -1.000000  7.552444 -1.000000 -1.000000 11.746236 -1.000000 -1.000000 -1.000000 -1.000000 -1.000000 12.542292 -1.000000 -1.000000 -1.000000 -1.000000 -1.000000 -1.000000 -1.000000 -1.000000 -1.000000 -1.000000 -1.000000 10.605285 -1.000000 -1.000000 -1.000000
 7.250253 11.565392 10.034038 13.513333 10.478806 10.773193 23.597557  9.773839 12.144763  8.242998  8.161782  7.080933 24.933420 12.674968  9.603529 11.495289 -1.000000 21.392409 16.716447 10.667258  9.744944 10.631465  8.447107 11.931868 12.123713 11.873247  7.545542 12.038264  9.434853 12.109391 24.396424 11.587075 -1.000000 -1.000000 -1.000000
-1.000000 -1.000000 -1.000000 -1.000000 -1.000000 10.689796 -1.000000 -1.000000 -1.000000 -1.000000  6.278522 -1.000000 -1.000000  9.027364 -1.000000 -1.000000 -1.000000 -1.000000 -1.000000 14.857654 -1.000000 -1.000000 -1.000000 -1.000000 -1.000000 -1.000000 -1.000000 -1.000000 -1.000000 -1.000000 -1.000000  9.381058 -1.000000 -1.000000 -1.000000
11.019314  9.807612 12.728581 20.973683  8.200317 10.979104 21.149277  9.321832 13.878800  8.933703  7.426779 12.299048 21.789620 11.031160  9.110550 11.741841  7.286415 24.710110 -1.000000  8.388362 11.763660  8.909013 10.866964 10.832173 12.886353  6.943302  9.034286  9.762810 10.638613  9.748744 21.734793 11.390716 -1.000000 -1.000000 -1.000000
-1.000000 -1.000000 -1.000000 -1.000000 -1.000000 -1.000000 18.256040 -1.000000 -1.000000 -1.000000 -1.000000 -1.000000 28.171544 10.872917 -1.000000 -1.000000 -1.000000 -1.000000 20.844083 -1.000000 -1.000000 -1.000000 -1.000000 -1.000000 -1.000000 -1.000000 -1.000000 -1.000000 -1.000000 -1.000000 -1.000000 -1.000000 -1.000000 -1.000000 -1.000000
-1.000000 -1.000000 -1.000000 -1.000000 -1.000000 11.786140 -1.000000 -1.000000 -1.000000 -1.000000  9.385656 -1.000000 -1.000000  9.384822 -1.000000 -1.000000 -1.000000 -1.000000 -1.000000 10.330191 -1.000000 -1.000000 -1.000000 -1.000000 -1.000000 -1.000000 -1.000000 -1.000000 -1.000000 -1.000000 -1.000000  7.415565 -1.000000 -1.000000 -1.000000
-1.000000 -1.000000 -1.000000 -1.000000 -1.000000 -1.000000 30.249934 -1.000000 -1.000000 -1.000000 -1.000000 -1.000000 24.069537  8.703782 -1.000000 -1.000000 -1.000000 -1.000000 15.476660 -1.000000 -1.000000 -1.000000 -1.000000 -1.000000 -1.000000 -1.000000 -1.000000 -1.000000 -1.000000 -1.000000 -1.000000 -1.000000 -1.000000 -1.000000 -1.000000
-1.000000 -1.000000 -1.000000 -1.000000 -1.000000 -1.000000 19.215599 -1.000000 -1.000000 -1.000000 -1.000000 -1.000000 16.625437 14.547192 -1.000000 -1.000000 -1.000000 -1.000000 17.690654 -1.000000 -1.000000 -1.000000 -1.000000 -1.000000 -1.000000 -1.000000 -1.000000 -1.000000 -1.000000 -1.000000 -1.000000 -1.000000 -1.000000 -1.000000 -1.000000
-1.000000 -1.000000 -1.000000 -1.000000 -1.000000 -1.000000 21.510137 -1.000000 -1.000000 -1.000000 -1.000000 -1.000000 22.793254  9.562474 -1.000000 -1.000000 -1.000000 -1.000000 22.468093 -1.000000 -1.000000 -1.000000 -1.000000 -1.000000 -1.000000 -1.000000 -1.000000 -1.000000 -1.000000 -1.000000 -1.000000 -1.000000 -1.000000 -1.000000 -1.000000
-1.000000 -1.000000 -1.000000 -1.000000 -1.000000 -1.000000 15.690794 -1.000000 -1.000000 -1.000000 -1.000000 -1.000000 17.353283 10.945945 -1.000000 -1.000000 -1.000000 -1.000000 16.420950 -1.000000 -1.000000 -1.000000 -1.000000 -1.000000 -1.000000 -1.000000 -1.000000 -1.000000 -1.000000 -1.000000 -1.000000 -1.000000 -1.000000 -1.000000 -1.000000
-1.000000 -1.000000 -1.000000 -1.000000 -1.000000 -1.000000 18.298274 -1.000000 -1.000000 -1.000000 -1.000000 -1.000000 23.942816  9.089763 -1.000000 -1.000000 -1.000000 -1.000000 19.019916 -1.000000 -1.000000 -1.000000 -1.000000 -1.000000 -1.000000 -1.000000 -1.000000 -1.000000 -1.000000 -1.000000 -1.000000 -1.000000 -1.000000 -1.000000 -1.000000
-1.000000 -1.000000 -1.000000 -1.000000 -1.000000 -1.000000 -1.000000 -1.000000 -1.000000 -1.000000 -1.000000 -1.000000 -1.000000  9.265223 -1.000000 -1.000000 -1.000000 -1.000000 -1.000000 -1.000000 -1.000000 -1.000000 -1.000000 -1.000000 -1.000000 -1.000000 -1.000000 -1.000000 -1.000000 -1.000000 -1.000000 -1.000000 -1.000000 -1.000000 -1.000000
-1.000000 -1.000000 -1.000000 -1.000000 -1.000000 12.803801 -1.000000 -1.000000 -1.000000 -1.000000 12.735482 -1.000000 -1.000000  6.773606 -1.000000 -1.000000 -1.000000 -1.000000 -1.000000  6.407112 -1.000000 -1.000000 -1.000000 -1.000000 -1.000000 -1.000000 -1.000000 -1.000000 -1.000000 -1.000000 -1.000000 11.943963 -1.000000 -1.000000 -1.000000
 9.138600  9.328629  9.097282 15.846588  9.492508  9.365443 19.851547 13.077638 10.243731  9.693499 12.229350 17.473274 19.678075  9.189226  9.171543 11.035039  8.712723 15.974824 18.516401  7.570575  6.301047  7.986200  7.498975 11.347453  9.317382  8.163503 11.134722  9.306660 -1.000000  6.610783 17.478723  8.249192 -1.000000 -1.000000 -1.000000
-1.000000 -1.000000 -1.000000 -1.000000 -1.000000 -1.000000 14.666429 -1.000000 -1.000000 -1.000000 -1.000000 -1.000000 15.281487  7.690351 -1.000000 -1.000000 -1.000000 -1.000000 19.703891 -1.000000 -1.000000 -1.000000 -1.000000 -1.000000 -1.000000 -1.000000 -1.000000 -1.000000 -1.000000 -1.000000 -1.000000 -1.000000 -1.000000 -1.000000 -1.000000
 9.274419  9.425744 11.083525 17.142936 12.032668  8.565327 15.177979 11.869197  9.843829 11.309041  7.963212 10.190045 17.566939  9.315723 10.418118  8.715301  6.569414 13.314900 20.196732 11.531878 10.327558  6.359643  8.071988  7.902997  8.066383 10.896697  8.474716  7.376341  6.247348 13.152992 -1.000000 10.645489 -1.000000 -1.000000 -1.000000
-1.000000 -1.000000 -1.000000 -1.000000 -1.000000 -1.000000 23.291321 -1.000000 -1.000000 -1.000000 -1.000000 -1.000000 14.777199  9.904016 -1.000000 -1.000000 -1.000000 -1.000000 15.627048 -1.000000 -1.000000 -1.000000 -1.000000 -1.000000 -1.000000 -1.000000 -1.000000 -1.000000 -1.000000 -1.000000 -1.000000 -1.000000 -1.000000 -1.000000 -1.000000
 9.188713 10.845754 10.673992 13.900388 11.324877  6.866990 15.153489  6.967794  8.986854  7.598176 10.914408 10.337739 20.376068 12.455151 12.341900  8.761723 10.499209 19.897859 20.287955 12.267129  8.802533 12.433146 12.936873 10.162017 10.776317 12.251274  9.837203  8.797191  9.643829 10.176211 18.443825 11.083500 -1.000000 -1.000000 -1.000000
-1.000000 -1.000000 -1.000000 -1.000000 -1.000000  9.375983 -1.000000 -1.000000 -1.000000 -1.000000  9.343471 -1.000000 -1.000000  9.893860 -1.000000 -1.000000 -1.000000 -1.000000 -1.000000  8.611611 -1.000000 -1.000000 -1.000000 -1.000000 -1.000000 -1.000000 -1.000000 -1.000000 -1.000000 -1.000000 -1.000000 11.070982 -1.000000 -1.000000 -1.000000
11.992573  6.181040  5.373421 21.549626 11.945916 10.082166 19.875565  8.965496 10.355244  8.760122 11.016359  8.292646 17.500255  9.101739 14.295363 13.385832 11.038464 19.175837 14.473423 10.701721  5.292647 10.893167  7.331030 16.962850 10.965509 11.498225  8.189609  8.894078  8.508170 12.233069 23.936181 12.383987 -1.000000 -1.000000 -1.000000
