-1.000000 -1.000000 -1.000000 -1.000000 -1.000000 -1.000000  8.524948 -1.000000 -1.000000 -1.000000 -1.000000 21.961737 -1.000000 -1.000000 10.451235 -1.000000 -1.000000 -1.000000 -1.000000 -1.000000 -1.000000 -1.000000 -1.000000 -1.000000 -1.000000 -1.000000 -1.000000 -1.000000 -1.000000 -1.000000 -1.000000 -1.000000 -1.000000
-1.000000 -1.000000 -1.000000 -1.000000 -1.000000 -1.000000  7.612308 -1.000000 -1.000000 -1.000000 -1.000000 22.747940 -1.000000 -1.000000 10.062518 -1.000000 -1.000000 -1.000000 -1.000000 -1.000000 -1.000000 -1.000000 -1.000000 -1.000000 -1.000000 -1.000000 -1.000000 -1.000000 -1.000000 -1.000000 -1.000000 -1.000000 -1.000000
-1.000000 -1.000000 -1.000000 -1.000000 -1.000000 -1.000000  9.844794 -1.000000 -1.000000 -1.000000 -1.000000 22.438781 -1.000000 -1.000000 14.011309 -1.000000 -1.000000 -1.000000 -1.000000 -1.000000 -1.000000 -1.000000 -1.000000 -1.000000 -1.000000 -1.000000 -1.000000 -1.000000 -1.000000 -1.000000 -1.000000 -1.000000 -1.000000
11.005022  9.582261 13.710848 -1.000000 18.808494 13.754614  5.808962 10.819544 12.949286 10.934619  8.629108 20.592911 23.646476  7.352504 12.079759 14.459836 12.295109 10.829975  5.453009 12.832319 15.673653 16.280490 10.583251  7.148053 11.493714 20.991515  8.239955 10.256630 12.623746  9.242899  9.076045 12.034256 -1.000000
13.002098 14.606730 11.139594 11.173556 -1.000000 10.366305  8.957252 11.025679  7.739300 12.434998  8.587670 20.206631 20.353540 10.194977 10.702725  5.783407  7.753288  7.813640 10.855984  8.791583 18.466240 21.197249 12.174839  5.487652 12.676412 18.509705 11.661664  9.810059  6.269046 11.524471 10.652221  9.981130 -1.000000
10.019957  7.620610 10.074302  9.812466 24.308629 -1.000000  8.556914  8.302959 11.404963 11.819786 10.404215 20.242914 16.624273  7.888201  8.327020  9.918844 13.529556  8.312897  9.613003  8.987610 16.881421 18.542989  9.742350  9.133497  7.065363 19.850220  9.024864 11.114816 11.240445 10.147728  8.918588  7.787162 -1.000000
-1.000000 12.149333 10.676279 -1.000000 -1.000000  7.984456 -1.000000 -1.000000  8.413684 -1.000000 -1.000000 -1.000000 -1.000000 -1.000000 11.340106 -1.000000 -1.000000 -1.000000  9.200898  7.368075 -1.000000 21.140219 -1.000000 -1.000000 -1.000000 -1.000000  9.681913 -1.000000 -1.000000 -1.000000 -1.000000 -1.000000 -1.000000
-1.000000 -1.000000 -1.000000 -1.000000 -1.000000 -1.000000 11.487747 -1.000000 -1.000000 -1.000000 -1.000000 18.141885 -1.000000 -1.000000  9.541988 -1.000000 -1.000000 -1.000000 -1.000000 -1.000000 -1.000000 -1.000000 -1.000000 -1.000000 -1.000000 -1.000000 -1.000000 -1.000000 -1.000000 -1.000000 -1.000000 -1.000000 -1.000000
 9.241406 12.462553 11.484805 11.606075 15.701245 12.345148  8.508020  9.084552 -1.000000 12.899460 11.040468 19.467899 14.605130  6.337869  9.307216  8.394804 13.350575  8.537310  7.036865  7.983666 24.332559 16.369477  9.004035  8.654453 11.264264 14.205568  8.374382  9.430119  9.793173 10.074883  7.503102 11.401821 -1.000000
-1.000000  5.660488 10.478565 -1.000000 -1.000000  9.608859 -1.000000 -1.000000 12.979659 -1.000000 -1.000000 -1.000000 -1.000000 -1.000000  9.623703 -1.000000 -1.000000 -1.000000  6.643958 10.965384 -1.000000 20.148769 -1.000000 -1.000000 -1.000000 -1.000000  9.358184 -1.000000 -1.000000 -1.000000 -1.000000 -1.000000 -1.000000
-1.000000 11.110845  7.144556 -1.000000 -1.000000  5.951107 -1.000000 -1.000000  8.114174 -1.000000 -1.000000 -1.000000 -1.000000 -1.000000 13.538406 -1.000000 -1.000000 -1.000000 10.739368 12.570823 -1.000000 25.026299 -1.000000 -1.000000 -1.000000 -1.000000  9.446916 -1.000000 -1.000000 -1.000000 -1.000000 -1.000000 -1.000000
-1.000000 -1.000000 -1.000000 -1.000000 -1.000000 -1.000000  9.437554 -1.000000 -1.000000 -1.000000 -1.000000 -1.000000 -1.000000 -1.000000 10.510675 -1.000000 -1.000000 -1.000000 -1.000000 -1.000000 -1.000000 -1.000000 -1.000000 -1.000000 -1.000000 -1.000000 -1.000000 -1.000000 -1.000000 -1.000000 -1.000000 -1.000000 -1.000000
-1.000000 -1.000000 -1.000000 -1.000000 -1.000000 -1.000000  7.818668 -1.000000 -1.000000 -1.000000 -1.000000 13.384801 -1.000000 -1.000000 13.006206 -1.000000 -1.000000 -1.000000 -1.000000 -1.000000 -1.000000 -1.000000 -1.000000 -1.000000 -1.000000 -1.000000 -1.000000 -1.000000 -1.000000 -1.000000 -1.000000 -1.000000 -1.000000
-1.000000 -1.000000 -1.000000 -1.000000 -1.000000 -1.000000  9.511768 -1.000000 -1.000000 -1.000000 -1.000000 21.174008 -1.000000 -1.000000  9.592692 -1.000000 -1.000000 -1.000000 -1.000000 -1.000000 -1.000000 -1.000000 -1.000000 -1.000000 -1.000000 -1.000000 -1.000000 -1.000000 -1.000000 -1.000000 -1.000000 -1.000000 -1.000000
 6.571053  8.626425  9.682028  9.758240 11.853168  8.867201  7.849824 11.780443 11.296462  6.961918  8.366994 17.737335 26.743750 12.971591 -1.000000 10.204673  7.305358 10.358233 10.701689  8.548982 27.749296 12.185071 10.950399 11.248802  9.777376 17.537052 12.268525  7.008357  6.634126  8.958794  6.361581 10.944274 -1.000000
-1.000000 -1.000000 -1.000000 -1.000000 -1.000000 -1.000000  9.188214 -1.000000 -1.000000 -1.000000 -1.000000 17.770126 -1.000000 -1.000000  7.663285 -1.000000 -1.000000 -1.000000 -1.000000 -1.000000 -1.000000 -1.000000 -1.000000 -1.000000 -1.000000 -1.000000 -1.000000 -1.000000 -1.000000 -1.000000 -1.000000 -1.000000 -1.000000
-1.000000 -1.000000 -1.000000 -1.000000 -1.000000 -1.000000  9.671288 -1.000000 -1.000000 -1.000000 -1.000000 18.740049 -1.000000 -1.000000  6.895783 -1.000000 -1.000000 -1.000000 -1.000000 -1.000000 -1.000000 -1.000000 -1.000000 -1.000000 -1.000000 -1.000000 -1.000000 -1.000000 -1.000000 -1.000000 -1.000000 -1.000000 -1.000000
-1.000000 -1.000000 -1.000000 -1.000000 -1.000000 -1.000000 12.443196 -1.000000 -1.000000 -1.000000 -1.000000 15.623533 -1.000000 -1.000000 10.109895 -1.000000 -1.000000 -1.000000 -1.000000 -1.000000 -1.000000 -1.000000 -1.000000 -1.000000 -1.000000 -1.000000 -1.000000 -1.000000 -1.000000 -1.000000 -1.000000 -1.000000 -1.000000
 6.115933  8.418765  8.034056  9.132871 18.866235 10.483529  7.416419  9.054656  9.152579 10.732602 12.308508 21.864389 18.543003 10.440943 10.279413  9.871153 14.623463 13.282915 -1.000000 10.610001 20.433231 18.479725 12.269314  7.069424 12.880459 23.979426  6.823034  8.649193 15.371806  7.607032 12.027709 11.660059 -1.000000
-1.000000 -1.000000 -1.000000 -1.000000 -1.000000 -1.000000  9.071679 -1.000000 -1.000000 -1.000000 -1.000000 22.608870 -1.000000 -1.000000 12.484156 -1.000000 -1.000000 -1.000000 -1.000000 -1.000000 -1.000000 -1.000000 -1.000000 -1.000000 -1.000000 -1.000000 -1.000000 -1.000000 -1.000000 -1.000000 -1.000000 -1.000000 -1.000000
16.226006  8.381814  9.286010  9.760951 25.939082  8.289698 11.181482  9.558793  9.913747  9.424268  9.795298 13.564617 14.840982 11.404739  9.520542  8.351140  8.143686 11.328281  8.255374 11.399680 -1.000000 15.738055 14.791200 10.031974 10.417931 19.832306  9.265987 11.221522  8.573416  8.084677 10.779202  9.778164 -1.000000
-1.000000 -1.000000 -1.000000 -1.000000 -1.000000 -1.000000 10.225620 -1.000000 -1.000000 -1.000000 -1.000000 19.336741 -1.000000 -1.000000 12.653076 -1.000000 -1.000000 -1.000000 -1.000000 -1.000000 -1.000000 -1.000000 -1.000000 -1.000000 -1.000000 -1.000000 -1.000000 -1.000000 -1.000000 -1.000000 -1.000000 -1.000000 -1.000000
-1.000000 -1.000000 -1.000000 -1.000000 -1.000000 -1.000000  3.173930 -1.000000 -1.000000 -1.000000 -1.000000 24.948955 -1.000000 -1.000000 13.616265 -1.000000 -1.000000 -1.000000 -1.000000 -1.000000 -1.000000 -1.000000 -1.000000 -1.000000 -1.000000 -1.000000 -1.000000 -1.000000 -1.000000 -1.000000 -1.000000 -1.000000 -1.000000
-1.000000 10.379062  7.832184 -1.000000 -1.000000  8.645439 -1.000000 -1.000000  8.621601 -1.000000 -1.000000 -1.000000 -1.000000 -1.000000 10.000826 -1.000000 -1.000000 -1.000000 10.321998 11.118821 -1.000000 19.557306 -1.000000 -1.000000 -1.000000 -1.000000 10.759800 -1.000000 -1.000000 -1.000000 -1.000000 -1.000000 -1.000000
-1.000000 13.198308 11.427012 -1.000000 -1.000000 12.375305 -1.000000 -1.000000 10.119602 -1.000000 -1.000000 -1.000000 -1.000000 -1.000000 14.117530 -1.000000 -1.000000 -1.000000 12.020798  8.837372 -1.000000 17.651341 -1.000000 -1.000000 -1.000000 -1.000000 10.409230 -1.000000 -1.000000 -1.000000 -1.000000 -1.000000 -1.000000
-1.000000  8.755501 11.826928 -1.000000 -1.000000 11.722471 -1.000000 -1.000000 10.876202 -1.000000 -1.000000 -1.000000 -1.000000 -1.000000  8.709569 -1.000000 -1.000000 -1.000000 12.658784  9.535069 -1.000000 19.234068 -1.000000 -1.000000 -1.000000 -1.000000 12.934118 -1.000000 -1.000000 -1.000000 -1.000000 -1.000000 -1.000000
10.714231 10.266426  7.420514 11.495384 15.108054 12.096531 12.708196 11.711595 10.031369  9.852718  9.868846 19.452611 22.610975 10.465249 11.653693  8.762961  9.752877 12.636022 12.004129 11.426205 19.876425 17.639890  7.014530  9.769515 11.701914 17.129040 -1.000000  7.277106  8.839999  5.710594  8.930044  7.628363 -1.000000
-1.000000 -1.000000 -1.000000 -1.000000 -1.000000 -1.000000  9.324237 -1.000000 -1.000000 -1.000000 -1.000000 19.411086 -1.000000 -1.000000 12.825213 -1.000000 -1.000000 -1.000000 -1.000000 -1.000000 -1.000000 -1.000000 -1.000000 -1.000000 -1.000000 -1.000000 -1.000000 -1.000000 -1.000000 -1.000000 -1.000000 -1.000000 -1.000000
-1.000000 -1.000000 -1.000000 -1.000000 -1.000000 -1.000000  7.793614 -1.000000 -1.000000 -1.000000 -1.000000 14.241098 -1.000000 -1.000000  9.632477 -1.000000 -1.000000 -1.000000 -1.000000 -1.000000 -1.000000 -1.000000 -1.000000 -1.000000 -1.000000 -1.000000 -1.000000 -1.000000 -1.000000 -1.000000 -1.000000 -1.000000 -1.000000
-1.000000  9.537588 12.044922 -1.000000 -1.000000 10.179211 -1.000000 -1.000000 11.030990 -1.000000 -1.000000 -1.000000 -1.000000 -1.000000 12.045877 -1.000000 -1.000000 -1.000000 10.387765  9.333526 -1.000000 20.013853 -1.000000 -1.000000 -1.000000 -1.000000  8.634159 -1.000000 -1.000000 -1.000000 -1.000000 -1.000000 -1.000000
-1.000000 14.260007  5.758912 -1.000000 -1.000000 12.116301 -1.000000 -1.000000 11.360162 -1.000000 -1.000000 -1.000000 -1.000000 -1.000000  9.084857 -1.000000 -1.000000 -1.000000 11.921633  9.222657 -1.000000 25.390539 -1.000000 -1.000000 -1.000000 -1.000000 11.028690 -1.000000 -1.000000 -1.000000 -1.000000 -1.000000 -1.000000
-1.000000 -1.000000 -1.000000 -1.000000 -1.000000 -1.000000  9.459930 -1.000000 -1.000000 -1.000000 -1.000000 22.689517 -1.000000 -1.000000  4.416850 -1.000000 -1.000000 -1.000000 -1.000000 -1.000000 -1.000000 -1.000000 -1.000000 -1.000000 -1.000000 -1.000000 -1.000000 -1.000000 -1.000000 -1.000000 -1.000000 -1.000000 -1.000000
-1.000000 -1.000000 -1.000000 -1.000000 -1.000000 -1.000000 12.207935 -1.000000 -1.000000 -1.000000 -1.000000 22.486612 -1.000000 -1.000000 10.521053 -1.000000 -1.000000 -1.000000 -1.000000 -1.000000 -1.000000 -1.000000 -1.000000 -1.000000 -1.000000 -1.000000 -1.000000 -1.000000 -1.000000 -1.000000 -1.000000 -1.000000 -1.000000
