-1.000000 -1.000000 -1.000000 -1.000000 -1.000000 -1.000000 -1.000000 -1.000000 -1.000000 -1.000000  7.928891 -1.000000 -1.000000 -1.000000 -1.000000 -1.000000 -1.000000
-1.000000 -1.000000 -1.000000 -1.000000 -1.000000 -1.000000 -1.000000 -1.000000 -1.000000 -1.000000 11.458017 -1.000000 -1.000000 -1.000000 -1.000000 -1.000000 -1.000000
-1.000000 -1.000000 -1.000000 -1.000000 -1.000000 -1.000000 -1.000000  8.033309 -1.000000 -1.000000 -1.000000 11.047452 18.281129 -1.000000 -1.000000 -1.000000 -1.000000
-1.000000 -1.000000 -1.000000 -1.000000 -1.000000 -1.000000 -1.000000 11.694751 -1.000000 -1.000000 -1.000000 13.615464 21.819282 -1.000000 -1.000000 -1.000000 -1.000000
-1.000000 -1.000000 -1.000000 -1.000000 -1.000000 -1.000000 -1.000000 12.079599 -1.000000 -1.000000 -1.000000  7.902956 24.956656 -1.000000 -1.000000 -1.000000 -1.000000
-1.000000 -1.000000 -1.000000 -1.000000 -1.000000 -1.000000 -1.000000  6.951755 -1.000000 -1.000000 -1.000000 11.771854 14.733097 -1.000000 -1.000000 -1.000000 -1.000000
11.429375  7.834685 10.107333 10.314149  8.163800 10.539313 -1.000000  8.794602  7.804010  9.075506  9.941218  7.754609 19.117089 10.818244  9.563469 13.449597 -1.000000
-1.000000 -1.000000 -1.000000 -1.000000 -1.000000 -1.000000 -1.000000 -1.000000 -1.000000 -1.000000 -1.000000 11.250936 16.815666 -1.000000 -1.000000 -1.000000 -1.000000
-1.000000 -1.000000 -1.000000 -1.000000 -1.000000 -1.000000 -1.000000  8.543164 -1.000000 -1.000000 -1.000000 11.585471 17.718217 -1.000000 -1.000000 -1.000000 -1.000000
-1.000000 -1.000000 -1.000000 -1.000000 -1.000000 -1.000000 -1.000000 -1.000000 -1.000000 -1.000000 11.164057 -1.000000 -1.000000 -1.000000 -1.000000 -1.000000 -1.000000
-1.000000 -1.000000 -1.000000 -1.000000 -1.000000 -1.000000 -1.000000  8.915396 -1.000000 -1.000000 -1.000000  7.012961 21.423487 -1.000000 -1.000000 -1.000000 -1.000000
 8.866919 12.624694 11.209564 10.057268  9.818892  9.326735 21.456399  9.737963 12.422336  9.795565  8.744116 -1.000000 15.755602  8.153899  9.852855  6.118677 -1.000000
10.828105  7.390976 11.141463 10.747000  7.384909 10.234699 20.380581  7.529256 10.754496  6.651003 11.585397 11.412546 -1.000000 11.007896  7.617415  8.597196 -1.000000
-1.000000 -1.000000 -1.000000 -1.000000 -1.000000 -1.000000 -1.000000 10.791536 -1.000000 -1.000000 -1.000000  8.464711 23.049767 -1.000000 -1.000000 -1.000000 -1.000000
-1.000000 -1.000000 -1.000000 -1.000000 -1.000000 -1.000000 -1.000000 11.810919 -1.000000 -1.000000 -1.000000 10.724696 19.782125 -1.000000 -1.000000 -1.000000 -1.000000
-1.000000 -1.000000 -1.000000 -1.000000 -1.000000 -1.000000 -1.000000 10.412532 -1.000000 -1.000000 -1.000000  7.742096 24.982766 -1.000000 -1.000000 -1.000000 -1.000000
10.443008  8.859867  7.940207 11.906907  7.784703 11.227196 27.861870 12.729736  9.286219  9.331222 11.218446 10.152573 26.885062 14.569686 10.827665 10.394813 -1.000000
