-1.000000 -1.000000 -1.000000 -1.000000 -1.000000 -1.000000 -1.000000 -1.000000 -1.000000 -1.000000 -1.000000 -1.000000 -1.000000 -1.000000 -1.000000 13.710070 -1.000000 -1.000000
-1.000000 -1.000000  7.135190 -1.000000 -1.000000 -1.000000 11.556365 19.079524  9.120997 -1.000000 -1.000000 -1.000000 -1.000000 -1.000000 -1.000000 11.195182 -1.000000 -1.000000
12.297146 12.344137 -1.000000 13.000029  9.687073 10.272635  9.176878 22.990084  9.254994  9.002860  9.049806  8.422502  8.987310 12.048222 12.109294 11.728893 -1.000000 -1.000000
-1.000000 -1.000000  9.944272 -1.000000 -1.000000 -1.000000  9.608235 18.362798  7.975963 -1.000000 -1.000000 -1.000000 -1.000000 -1.000000 -1.000000  9.249882 -1.000000 -1.000000
10.246892  7.935312 12.141509  8.301617 -1.000000  7.908767 11.682643 14.599500  9.013778 10.204435 12.330324 11.602580  8.965883  7.871655  8.468382 11.445173 -1.000000 -1.000000
-1.000000 -1.000000 10.209864 -1.000000 -1.000000 -1.000000  9.344534 18.194976  9.431891 -1.000000 -1.000000 -1.000000 -1.000000 -1.000000 -1.000000 10.907275 -1.000000 -1.000000
-1.000000 -1.000000 -1.000000 -1.000000 -1.000000 -1.000000 -1.000000 -1.000000 -1.000000 -1.000000 -1.000000 -1.000000 -1.000000 -1.000000 -1.000000 10.966005 -1.000000 -1.000000
10.028988 10.031239  8.553546  8.310268 12.846370  8.862695 11.516865 -1.000000  8.287784 13.345448  8.537766 10.647052  7.918007 13.282701  9.931231 11.577747 -1.000000 -1.000000
-1.000000 -1.000000 -1.000000 -1.000000 -1.000000 -1.000000 -1.000000 -1.000000 -1.000000 -1.000000 -1.000000 -1.000000 -1.000000 -1.000000 -1.000000  9.173151 -1.000000 -1.000000
-1.000000 -1.000000 -1.000000 -1.000000 -1.000000 -1.000000 -1.000000 -1.000000 -1.000000 -1.000000 -1.000000 -1.000000 -1.000000 -1.000000 -1.000000 13.629251 -1.000000 -1.000000
-1.000000 -1.000000 -1.000000 -1.000000 -1.000000 -1.000000 -1.000000 -1.000000 -1.000000 -1.000000 -1.000000 -1.000000 -1.000000 -1.000000 -1.000000  7.435384 -1.000000 -1.000000
 8.646920 12.350935 10.255192 11.229852 13.224679 10.857729 10.128308 15.969733 10.758216  8.713736 10.192332 -1.000000 14.284357 10.254801  9.565622  7.656117 -1.000000 -1.000000
-1.000000 -1.000000 -1.000000 -1.000000 -1.000000 -1.000000 -1.000000 -1.000000 -1.000000 -1.000000 -1.000000 -1.000000 -1.000000 -1.000000 -1.000000 11.283561 -1.000000 -1.000000
-1.000000 -1.000000 10.843325 -1.000000 -1.000000 -1.000000 13.965174 19.291809 12.069130 -1.000000 -1.000000 -1.000000 -1.000000 -1.000000 -1.000000 10.059309 -1.000000 -1.000000
-1.000000 -1.000000 10.859326 -1.000000 -1.000000 -1.000000 13.512967 21.808950  9.274286 -1.000000 -1.000000 -1.000000 -1.000000 -1.000000 -1.000000 12.070556 -1.000000 -1.000000
-1.000000 -1.000000  8.039600 -1.000000 -1.000000 -1.000000  9.066999 17.625972  8.504421 -1.000000 -1.000000 -1.000000 -1.000000 -1.000000 -1.000000 -1.000000 -1.000000 -1.000000
-1.000000 -1.000000 11.419150 -1.000000 -1.000000 -1.000000 11.985916 14.915011  7.880675 -1.000000 -1.000000 -1.000000 -1.000000 -1.000000 -1.000000  8.336749 -1.000000 -1.000000
-1.000000 -1.000000  8.692504 -1.000000 -1.000000 -1.000000  9.119629 19.602555 15.857627 -1.000000 -1.000000 -1.000000 -1.000000 -1.000000 -1.000000 10.915091 -1.000000 -1.000000
