-1.000000 -1.000000 -1.000000 -1.000000 -1.000000 -1.000000 -1.000000 -1.000000 -1.000000 -1.000000 -1.000000 -1.000000 -1.000000 -1.000000 -1.000000 -1.000000 -1.000000 -1.000000 -1.000000 -1.000000 -1.000000  9.253495 -1.000000 -1.000000 -1.000000 -1.000000 -1.000000 -1.000000 -1.000000 -1.000000 -1.000000 -1.000000 -1.000000 -1.000000 -1.000000
-1.000000 -1.000000 -1.000000 10.925759 -1.000000 -1.000000 -1.000000 -1.000000 -1.000000 -1.000000 -1.000000  9.968573 -1.000000 -1.000000 10.080730 -1.000000  9.670591 10.941788 20.722050 -1.000000 -1.000000 10.959211 -1.000000 -1.000000 27.375030 -1.000000 -1.000000 -1.000000 -1.000000 12.321411 -1.000000 -1.000000 -1.000000 -1.000000 -1.000000
-1.000000 -1.000000 -1.000000  9.626097 -1.000000 -1.000000 -1.000000 -1.000000 -1.000000 -1.000000 -1.000000 10.566413 -1.000000 -1.000000 11.349158 -1.000000 11.242247 11.446677 23.053048 -1.000000 -1.000000 10.220002 -1.000000 -1.000000 22.341782 -1.000000 -1.000000 -1.000000 -1.000000  9.660910 -1.000000 -1.000000 -1.000000 -1.000000 -1.000000
-1.000000 -1.000000 -1.000000 -1.000000 -1.000000 -1.000000 -1.000000 -1.000000 -1.000000 -1.000000 -1.000000 10.611281 -1.000000 -1.000000 12.457906 -1.000000  8.070777 11.293137 25.757150 -1.000000 -1.000000  8.937881 -1.000000 -1.000000 20.871035 -1.000000 -1.000000 -1.000000 -1.000000  7.468544 -1.000000 -1.000000 -1.000000 -1.000000 -1.000000
-1.000000 -1.000000 -1.000000 10.348237 -1.000000 -1.000000 -1.000000 -1.000000 -1.000000 -1.000000 -1.000000  9.245266 -1.000000 -1.000000  9.699173 -1.000000 11.182817 12.070243 25.968438 -1.000000 -1.000000  9.749273 -1.000000 -1.000000 20.272547 -1.000000 -1.000000 -1.000000 -1.000000 12.602636 -1.000000 -1.000000 -1.000000 -1.000000 -1.000000
-1.000000 -1.000000 -1.000000  9.530406 -1.000000 -1.000000 -1.000000 -1.000000 -1.000000 -1.000000 -1.000000  4.641750 -1.000000 -1.000000  6.771111 -1.000000  8.464129 11.035880 14.089918 -1.000000 -1.000000 10.353031 -1.000000 -1.000000 21.910891 -1.000000 -1.000000 -1.000000 -1.000000 12.113415 -1.000000 -1.000000 -1.000000 -1.000000 -1.000000
-1.000000 -1.000000 -1.000000 11.857106 -1.000000 -1.000000 -1.000000 -1.000000 -1.000000 -1.000000 -1.000000 10.959563 -1.000000 -1.000000 10.928153 -1.000000  6.976799 10.514252 11.067149 -1.000000 -1.000000  7.904021 -1.000000 -1.000000 22.754020 -1.000000 -1.000000 -1.000000 -1.000000 11.369406 -1.000000 -1.000000 -1.000000 -1.000000 -1.000000
-1.000000 -1.000000 -1.000000 10.329686 -1.000000 -1.000000 -1.000000 -1.000000 -1.000000 -1.000000 -1.000000 10.140518 -1.000000 -1.000000  9.687584 -1.000000  9.189827 11.406603 22.506209 -1.000000 -1.000000 12.698961 -1.000000 -1.000000 19.695045 -1.000000 -1.000000 -1.000000 -1.000000  7.607838 -1.000000 -1.000000 -1.000000 -1.000000 -1.000000
11.463474  8.241865  6.942543 11.705463 10.064730  7.577210 11.597363  9.387116 -1.000000  9.767226  8.054270 11.692392 18.775553  6.340063 11.229040 12.685668 11.243695  8.737656 18.875248 13.052419 10.546475  6.947386  7.642346 13.184359 18.142842 11.662071 12.602156 26.430442  5.574606  8.948078  8.115665 12.889778 -1.000000 -1.000000 -1.000000
-1.000000 -1.000000 -1.000000 10.150185 -1.000000 -1.000000 -1.000000 -1.000000 -1.000000 -1.000000 -1.000000  9.847191 -1.000000 -1.000000  9.112728 -1.000000  8.307231  6.268911 16.031601 -1.000000 -1.000000 12.647475 -1.000000 -1.000000 22.711333 -1.000000 -1.000000 -1.000000 -1.000000 12.692246 -1.000000 -1.000000 -1.000000 -1.000000 -1.000000
-1.000000 -1.000000 -1.000000 12.176247 -1.000000 -1.000000 -1.000000 -1.000000 -1.000000 -1.000000 -1.000000  6.714754 -1.000000 -1.000000  6.903983 -1.000000  7.782124 13.226937 25.135246 -1.000000 -1.000000  9.494269 -1.000000 -1.000000 24.656390 -1.000000 -1.000000 -1.000000 -1.000000  7.124210 -1.000000 -1.000000 -1.000000 -1.000000 -1.000000
-1.000000 -1.000000 -1.000000 -1.000000 15.139263 -1.000000 -1.000000 -1.000000 -1.000000 -1.000000 -1.000000 -1.000000 26.034780 10.225767 -1.000000 -1.000000 -1.000000 -1.000000 -1.000000 -1.000000 -1.000000  8.187030 -1.000000 -1.000000 -1.000000  9.209333  9.358193 -1.000000 -1.000000 -1.000000  9.512946 -1.000000 -1.000000 -1.000000 -1.000000
-1.000000 -1.000000 -1.000000 10.979062 -1.000000 -1.000000 -1.000000 -1.000000 -1.000000 -1.000000 -1.000000 10.779798 -1.000000 -1.000000 10.487669 -1.000000 12.146917 10.817887 20.635595 -1.000000 -1.000000  8.985776 -1.000000 -1.000000 17.067610 -1.000000 -1.000000 -1.000000 -1.000000  8.837838 -1.000000 -1.000000 -1.000000 -1.000000 -1.000000
-1.000000 -1.000000 -1.000000  8.783035 -1.000000 -1.000000 -1.000000 -1.000000 -1.000000 -1.000000 -1.000000 13.418661 -1.000000 -1.000000 10.199624 -1.000000  9.019989  9.301447 23.758231 -1.000000 -1.000000  9.861855 -1.000000 -1.000000 19.736933 -1.000000 -1.000000 -1.000000 -1.000000  9.385033 -1.000000 -1.000000 -1.000000 -1.000000 -1.000000
-1.000000 -1.000000 -1.000000 11.991008 -1.000000 -1.000000 -1.000000 -1.000000 -1.000000 -1.000000 -1.000000  6.754773 -1.000000 -1.000000 -1.000000 -1.000000 13.023888 10.886337 21.233968 -1.000000 -1.000000 10.153618 -1.000000 -1.000000 17.850098 -1.000000 -1.000000 -1.000000 -1.000000  4.676639 -1.000000 -1.000000 -1.000000 -1.000000 -1.000000
-1.000000 -1.000000 -1.000000  9.993853 -1.000000 -1.000000 -1.000000 -1.000000 -1.000000 -1.000000 -1.000000 10.075354 -1.000000 -1.000000  6.603894 -1.000000 11.481928  7.626367 25.525198 -1.000000 -1.000000  7.496292 -1.000000 -1.000000 29.228440 -1.000000 -1.000000 -1.000000 -1.000000  7.859268 -1.000000 -1.000000 -1.000000 -1.000000 -1.000000
-1.000000 -1.000000 -1.000000 -1.000000 -1.000000 -1.000000 -1.000000 -1.000000 -1.000000 -1.000000 -1.000000 -1.000000 -1.000000 -1.000000 -1.000000 -1.000000 -1.000000 -1.000000 -1.000000 -1.000000 -1.000000  9.394760 -1.000000 -1.000000 -1.000000 -1.000000 -1.000000 -1.000000 -1.000000 -1.000000 -1.000000 -1.000000 -1.000000 -1.000000 -1.000000
 9.589424 11.140660 12.561404  8.523319  8.636214 11.426098 13.007902  6.803306 22.090411 11.928116  7.111770 10.562159 25.413188  6.861100  9.908052 11.768166  5.908675 -1.000000 16.189375 10.796346 10.369798 13.103886  9.602603 10.990413 21.142097  9.149051  8.768144 30.339163 12.339793  6.601983  8.421225  8.917658 -1.000000 -1.000000 -1.000000
10.164282  8.468274  6.215877  9.823668 15.728568  7.656535  9.004431 15.400291 20.859938 11.168333 13.294739 13.414244 21.858059  8.490771 11.281499 12.988853  5.460530 10.034864 -1.000000 10.561029 10.161587 10.437359  9.991689  7.300009 26.172463 10.549654  7.558231 19.452969  9.853907 12.027241 11.811266 14.721150 -1.000000 -1.000000 -1.000000
-1.000000 -1.000000 -1.000000  8.830361 -1.000000 -1.000000 -1.000000 -1.000000 -1.000000 -1.000000 -1.000000  8.600157 -1.000000 -1.000000 13.780242 -1.000000 12.737490 12.188474 19.423043 -1.000000 -1.000000 10.920194 -1.000000 -1.000000 15.286858 -1.000000 -1.000000 -1.000000 -1.000000  8.783689 -1.000000 -1.000000 -1.000000 -1.000000 -1.000000
-1.000000 -1.000000 -1.000000 -1.000000  9.297886 -1.000000 -1.000000 -1.000000 -1.000000 -1.000000 -1.000000 -1.000000 23.321920 11.706770 -1.000000 -1.000000 -1.000000 -1.000000 -1.000000 -1.000000 -1.000000 10.932922 -1.000000 -1.000000 -1.000000  8.487677  9.312419 -1.000000 -1.000000 -1.000000 10.446432 -1.000000 -1.000000 -1.000000 -1.000000
-1.000000 -1.000000 -1.000000 11.266821 -1.000000 -1.000000 -1.000000 -1.000000 -1.000000 -1.000000 -1.000000 10.217398 -1.000000 -1.000000 10.325478 -1.000000  7.751196 10.837016 15.795655 -1.000000 -1.000000 -1.000000 -1.000000 -1.000000 20.844956 -1.000000 -1.000000 -1.000000 -1.000000 11.459651 -1.000000 -1.000000 -1.000000 -1.000000 -1.000000
-1.000000 -1.000000 -1.000000 11.020790 -1.000000 -1.000000 -1.000000 -1.000000 -1.000000 -1.000000 -1.000000 11.516437 -1.000000 -1.000000  7.227084 -1.000000 10.909776 15.843388 19.605019 -1.000000 -1.000000  8.470743 -1.000000 -1.000000 16.186516 -1.000000 -1.000000 -1.000000 -1.000000 10.753968 -1.000000 -1.000000 -1.000000 -1.000000 -1.000000
-1.000000 -1.000000 -1.000000 -1.000000  7.384357 -1.000000 -1.000000 -1.000000 -1.000000 -1.000000 -1.000000 -1.000000 20.935930  8.894926 -1.000000 -1.000000 -1.000000 -1.000000 -1.000000 -1.000000 -1.000000  9.002883 -1.000000 -1.000000 -1.000000  8.346659 12.188123 -1.000000 -1.000000 -1.000000 10.787617 -1.000000 -1.000000 -1.000000 -1.000000
-1.000000 -1.000000 -1.000000  7.734407 -1.000000 -1.000000 -1.000000 -1.000000 -1.000000 -1.000000 -1.000000  9.706455 -1.000000 -1.000000 11.134742 -1.000000  8.664199 11.515356 23.371933 -1.000000 -1.000000  9.423509 -1.000000 -1.000000 -1.000000 -1.000000 -1.000000 -1.000000 -1.000000  9.678140 -1.000000 -1.000000 -1.000000 -1.000000 -1.000000
-1.000000 -1.000000 -1.000000 10.401774 -1.000000 -1.000000 -1.000000 -1.000000 -1.000000 -1.000000 -1.000000 14.501737 -1.000000 -1.000000  9.738070 -1.000000 11.493226 11.947031 27.928213 -1.000000 -1.000000 10.775405 -1.000000 -1.000000 23.009412 -1.000000 -1.000000 -1.000000 -1.000000  5.452056 -1.000000 -1.000000 -1.000000 -1.000000 -1.000000
-1.000000 -1.000000 -1.000000 -1.000000 -1.000000 -1.000000 -1.000000 -1.000000 -1.000000 -1.000000 -1.000000 -1.000000 -1.000000 -1.000000 -1.000000 -1.000000 -1.000000 -1.000000 -1.000000 -1.000000 -1.000000 13.131098 -1.000000 -1.000000 -1.000000 -1.000000 -1.000000 -1.000000 -1.000000 -1.000000 -1.000000 -1.000000 -1.000000 -1.000000 -1.000000
 8.024258  7.083509 10.813376 10.179343 10.321027 12.587677  7.195229  9.332032 18.773748 11.354528  9.282618 10.263907 17.273272  8.411650  7.912823  6.396141 10.527976  8.004717 19.621467  9.687686 11.724642 10.936328 10.100000  8.414133 24.129653  6.465617 11.370011 -1.000000  8.284472 12.312797  9.083975  9.722708 -1.000000 -1.000000 -1.000000
-1.000000 -1.000000 -1.000000 -1.000000  6.660397 -1.000000 -1.000000 -1.000000 -1.000000 -1.000000 -1.000000 -1.000000 18.139162  9.492784 -1.000000 -1.000000 -1.000000 -1.000000 -1.000000 -1.000000 -1.000000  7.033902 -1.000000 -1.000000 -1.000000 10.215336 11.392065 -1.000000 -1.000000 -1.000000 10.549593 -1.000000 -1.000000 -1.000000 -1.000000
-1.000000 -1.000000 -1.000000 -1.000000 11.632695 -1.000000 -1.000000 -1.000000 -1.000000 -1.000000 -1.000000 -1.000000 15.587327 11.875430 -1.000000 -1.000000 -1.000000 -1.000000 -1.000000 -1.000000 -1.000000 13.950195 -1.000000 -1.000000 -1.000000 11.368763 11.313122 -1.000000 -1.000000 -1.000000  9.657968 -1.000000 -1.000000 -1.000000 -1.000000
-1.000000 -1.000000 -1.000000 11.319463 -1.000000 -1.000000 -1.000000 -1.000000 -1.000000 -1.000000 -1.000000  5.426346 -1.000000 -1.000000 10.438982 -1.000000  9.250314 11.010415 12.681555 -1.000000 -1.000000  6.402813 -1.000000 -1.000000 22.383785 -1.000000 -1.000000 -1.000000 -1.000000 11.315008 -1.000000 -1.000000 -1.000000 -1.000000 -1.000000
-1.000000 -1.000000 -1.000000 -1.000000 11.879521 -1.000000 -1.000000 -1.000000 -1.000000 -1.000000 -1.000000 -1.000000 13.377530  7.767695 -1.000000 -1.000000 -1.000000 -1.000000 -1.000000 -1.000000 -1.000000 11.538697 -1.000000 -1.000000 -1.000000  7.407957  9.919329 -1.000000 -1.000000 -1.000000  5.838833 -1.000000 -1.000000 -1.000000 -1.000000
11.224401  8.015102  9.984501  9.346278  6.963513  9.345886 12.560268 11.811845 17.914653 13.307871  9.547328  6.487162 17.712561  8.567863 10.105573  9.014233  9.384071 10.825650 17.319958  6.737184  7.654988  7.256569  9.967858  9.564484 23.173205  9.066589  8.404815 18.249288 12.406742 12.089884  8.111145 11.320324 -1.000000 -1.000000 -1.000000
 9.084826 12.379302  7.042281 10.848735 11.241929  6.952654 11.202961 10.765269 16.877508  7.604351 11.564699  6.297093 15.300591  6.474355  7.501446 10.083884 11.157533 12.361309 12.164038 10.260201  8.860139  7.647424  8.148445 11.615553 18.958425 10.299828  8.353663 24.573934  6.275358 11.849468  8.072776  8.796432 -1.000000 -1.000000 -1.000000
 5.595842 10.062502  5.477349 10.163822  9.621767  9.332562  8.047132  8.656976 23.872812 10.426686  9.252057 11.800000 24.702704 11.894116 13.197367 12.772849 12.807193 10.485320 19.177504  5.308735 11.383608 11.850339 10.312194 11.252991 20.786000 10.549456  9.157835 22.070701 10.591756 10.674072  5.357147  7.416967 -1.000000 -1.000000 -1.000000
