-1.000000  8.157134 24.976013 23.924143 -1.000000  7.517491  8.240686  8.488813  8.705166 10.470596 -1.000000 -1.000000 -1.000000 -1.000000 -1.000000 13.847723 -1.000000
 6.299909 -1.000000 19.275317 19.691826 26.384949 11.470346 11.956174  9.140372  6.996112  9.043396 11.175516 11.432496 11.473314 10.104169 13.631779  6.271998 -1.000000
 6.673442 11.297644 -1.000000 11.235579 25.771669 10.198794 11.070422  8.015203 10.275263  8.311710  8.370079  7.184050  8.699029 11.580135 20.963425  8.213551 -1.000000
-1.000000 -1.000000 -1.000000 -1.000000 -1.000000 -1.000000 -1.000000 -1.000000 -1.000000 -1.000000 -1.000000 -1.000000 -1.000000 13.930305 -1.000000 -1.000000 -1.000000
-1.000000 12.008446 19.478781 25.982853 -1.000000  6.107580 12.942572  7.359115  8.672764  7.852670 -1.000000 -1.000000 -1.000000 -1.000000 -1.000000  9.996783 -1.000000
-1.000000 -1.000000 -1.000000 -1.000000 -1.000000 -1.000000 -1.000000 -1.000000 -1.000000 -1.000000 -1.000000 -1.000000 -1.000000  7.477500 -1.000000 -1.000000 -1.000000
-1.000000 -1.000000 -1.000000 -1.000000 -1.000000 -1.000000 -1.000000 -1.000000 -1.000000 -1.000000 -1.000000 -1.000000 -1.000000 -1.000000 -1.000000 -1.000000 -1.000000
-1.000000 10.569844 20.222411 10.702273 -1.000000  8.967849  9.185366 -1.000000  7.594162  8.643847 -1.000000 -1.000000 -1.000000 -1.000000 -1.000000  7.624452 -1.000000
 8.594204 10.952731 15.519590 24.082427 22.163729 10.522801 13.602558  7.386038 -1.000000 14.915339 10.879665  8.840445  6.925415 13.304797 17.293356 12.150522 -1.000000
-1.000000 15.164667 22.880429 24.093721 -1.000000 10.478826  9.169539 11.232980  9.792708 -1.000000 -1.000000 -1.000000 -1.000000 -1.000000 -1.000000 11.670441 -1.000000
-1.000000  8.582865 20.271999 17.133498 -1.000000 11.498619  7.445467 11.199309  9.057185  7.020542 -1.000000 -1.000000 -1.000000 -1.000000 -1.000000  9.669771 -1.000000
11.540160 10.390746 16.563883 20.472783 17.619743  9.618657  9.056511  9.921514 11.050188  9.497893 10.377249 -1.000000  8.172659  8.807106 29.708333 10.168415 -1.000000
-1.000000 -1.000000 -1.000000 -1.000000 -1.000000 -1.000000 -1.000000 -1.000000 -1.000000 -1.000000 -1.000000 -1.000000 -1.000000 10.394997 -1.000000 -1.000000 -1.000000
-1.000000  7.714653 19.824041 21.180274 -1.000000 10.405581 10.089075 10.348642  8.952080  8.776260 -1.000000 -1.000000 -1.000000 -1.000000 -1.000000  7.260810 -1.000000
 9.912576 10.597467 16.244960 19.024508 13.721669  8.229710  7.630957 11.828024 12.051701 10.445007 12.004447  9.629435  9.038860 10.161861 -1.000000  7.886233 -1.000000
-1.000000 -1.000000 -1.000000 -1.000000 -1.000000 -1.000000 -1.000000 -1.000000 -1.000000 -1.000000 -1.000000 -1.000000 -1.000000 16.108441 -1.000000 -1.000000 -1.000000
10.957387  9.351712 19.043868 22.873285 14.850787  7.795882  9.980475 13.772968 10.616548  9.078559 10.236970 10.481246 13.736942 10.877264 14.296899 13.152375 -1.000000
