-1.000000  9.817367 -1.000000 -1.000000 -1.000000 -1.000000 -1.000000 -1.000000 -1.000000 -1.000000 -1.000000 -1.000000 -1.000000 -1.000000 -1.000000 -1.000000 -1.000000  9.035041 -1.000000 -1.000000 -1.000000 -1.000000 -1.000000 -1.000000 14.507565 -1.000000 -1.000000 -1.000000 -1.000000 -1.000000 -1.000000 -1.000000 -1.000000
-1.000000 -1.000000 -1.000000  8.875546 -1.000000 -1.000000 -1.000000 24.478457 -1.000000 -1.000000 -1.000000 -1.000000 11.333372 -1.000000 -1.000000 -1.000000  9.491413 -1.000000  9.439819  7.946738 -1.000000 -1.000000 -1.000000 -1.000000 -1.000000 -1.000000 -1.000000 -1.000000 -1.000000 -1.000000 -1.000000 -1.000000 -1.000000
-1.000000 10.536703 -1.000000 -1.000000 -1.000000 -1.000000 -1.000000 -1.000000 -1.000000 -1.000000 -1.000000 -1.000000 -1.000000 -1.000000 -1.000000 -1.000000 -1.000000 11.184355 -1.000000 -1.000000 -1.000000 -1.000000 -1.000000 -1.000000  6.889300 -1.000000 -1.000000 -1.000000 -1.000000 -1.000000 -1.000000 -1.000000 -1.000000
-1.000000 -1.000000 -1.000000 -1.000000 -1.000000 -1.000000 -1.000000 -1.000000 -1.000000 -1.000000 -1.000000 -1.000000 -1.000000 -1.000000 -1.000000 -1.000000 -1.000000 -1.000000 -1.000000 -1.000000 -1.000000 -1.000000 -1.000000 -1.000000 -1.000000 -1.000000 -1.000000 -1.000000 -1.000000 -1.000000 -1.000000 -1.000000 -1.000000
-1.000000 -1.000000 -1.000000  4.877398 -1.000000 -1.000000 -1.000000 18.484758 -1.000000 -1.000000 -1.000000 -1.000000  9.217827 -1.000000 -1.000000 -1.000000  9.604488 -1.000000 13.367133 10.580498 -1.000000 -1.000000 -1.000000 -1.000000 -1.000000 -1.000000 -1.000000 -1.000000 -1.000000 -1.000000 -1.000000 -1.000000 -1.000000
-1.000000 -1.000000 -1.000000  9.653193 -1.000000 -1.000000 -1.000000 12.564169 -1.000000 -1.000000 -1.000000 -1.000000 12.295566 -1.000000 -1.000000 -1.000000  6.049176 -1.000000  7.844604  5.333505 -1.000000 -1.000000 -1.000000 -1.000000 -1.000000 -1.000000 -1.000000 -1.000000 -1.000000 -1.000000 -1.000000 -1.000000 -1.000000
-1.000000 -1.000000 -1.000000  7.722815 -1.000000 -1.000000 -1.000000 20.387730 -1.000000 -1.000000 -1.000000 -1.000000 10.263436 -1.000000 -1.000000 -1.000000  9.054143 -1.000000  6.372983 12.496195 -1.000000 -1.000000 -1.000000 -1.000000 -1.000000 -1.000000 -1.000000 -1.000000 -1.000000 -1.000000 -1.000000 -1.000000 -1.000000
 7.680757 10.948008 11.233868 11.037132 11.189532 10.262363 11.086248 -1.000000 11.159337 22.096444  9.544042 10.262341  8.519884 10.047418  8.206572  8.378484  9.002489  8.436181  8.337260  8.984882 21.443078  8.512996  7.890545 10.800773 10.297984 21.487118  9.436676 11.491902 10.408626 12.914062  6.641888  8.066803 -1.000000
-1.000000  9.963518 -1.000000 -1.000000 -1.000000 -1.000000 -1.000000 -1.000000 -1.000000 -1.000000 -1.000000 -1.000000 -1.000000 -1.000000 -1.000000 -1.000000 -1.000000 12.381455 -1.000000 -1.000000 -1.000000 -1.000000 -1.000000 -1.000000  9.532011 -1.000000 -1.000000 -1.000000 -1.000000 -1.000000 -1.000000 -1.000000 -1.000000
-1.000000 -1.000000 -1.000000 11.684437 -1.000000 -1.000000 -1.000000 23.478502 -1.000000 -1.000000 -1.000000 -1.000000  9.297558 -1.000000 -1.000000 -1.000000 10.594051 -1.000000 11.324108  7.467609 -1.000000 -1.000000 -1.000000 -1.000000 -1.000000 -1.000000 -1.000000 -1.000000 -1.000000 -1.000000 -1.000000 -1.000000 -1.000000
-1.000000 -1.000000 -1.000000  8.674496 -1.000000 -1.000000 -1.000000 19.297364 -1.000000 -1.000000 -1.000000 -1.000000  9.212663 -1.000000 -1.000000 -1.000000  8.593110 -1.000000  9.590113 11.952899 -1.000000 -1.000000 -1.000000 -1.000000 -1.000000 -1.000000 -1.000000 -1.000000 -1.000000 -1.000000 -1.000000 -1.000000 -1.000000
-1.000000  9.142582 -1.000000 -1.000000 -1.000000 -1.000000 -1.000000 -1.000000 -1.000000 -1.000000 -1.000000 -1.000000 -1.000000 -1.000000 -1.000000 -1.000000 -1.000000  9.636287 -1.000000 -1.000000 -1.000000 -1.000000 -1.000000 -1.000000 14.310689 -1.000000 -1.000000 -1.000000 -1.000000 -1.000000 -1.000000 -1.000000 -1.000000
12.791990  9.155027  9.160711 12.334609  8.938254 10.236168  8.898794 22.064052 14.346722 14.189295  9.963423 13.502991 -1.000000  6.990242  9.389553  3.193525  9.044082 12.344459  9.023185  8.745673 23.891820  9.428354 12.421532 10.092844 10.043019 29.669773 12.122378  9.841367 10.960457 11.766318  9.064922 12.100661 -1.000000
10.728324  8.499297 11.374326  5.601148 16.103191 14.428042 10.853550 23.408747  8.581832 16.583793  9.698757  9.475129 10.017371 -1.000000 10.680267 11.700667 10.393465 11.185653 11.967387  9.392526 22.575291 11.941001  9.196660  7.353135 14.162697 18.373920 12.648230  9.805681 10.627812  7.104924 10.246406 12.437371 -1.000000
-1.000000 -1.000000 -1.000000 11.159867 -1.000000 -1.000000 -1.000000 24.756008 -1.000000 -1.000000 -1.000000 -1.000000  9.960725 -1.000000 -1.000000 -1.000000  9.648911 -1.000000 11.207712 11.659046 -1.000000 -1.000000 -1.000000 -1.000000 -1.000000 -1.000000 -1.000000 -1.000000 -1.000000 -1.000000 -1.000000 -1.000000 -1.000000
 8.286316 11.398384  8.076829  9.125370  7.080416 13.747161 12.838177 21.254267 11.118528 25.628691 10.540797 11.505251  7.109008 12.942722 10.990973 -1.000000  7.085042  8.341730  9.837904  7.789083 17.081756 10.452909  5.253598  9.428872 11.538040 26.025867 11.846847  7.654373 11.579484 11.536772  8.726521 11.163433 -1.000000
-1.000000  9.207668 -1.000000 -1.000000 -1.000000 -1.000000 -1.000000 -1.000000 -1.000000 -1.000000 -1.000000 -1.000000 -1.000000 -1.000000 -1.000000 -1.000000 -1.000000  9.484566 -1.000000 -1.000000 -1.000000 -1.000000 -1.000000 -1.000000  6.846358 -1.000000 -1.000000 -1.000000 -1.000000 -1.000000 -1.000000 -1.000000 -1.000000
10.870689  9.055100 12.270203 13.397763 11.206945 11.818597 11.634221 17.084483 12.724702 22.801005  8.669699  8.621235 13.519475  9.980959  9.218368 10.220019  6.809066 -1.000000 10.377428  9.080962 23.738017  8.749130 10.744973  7.869526  6.494440 14.407990 10.344439 11.185007 11.149536  9.028627  8.717259  9.849181 -1.000000
-1.000000 -1.000000 -1.000000  7.199348 -1.000000 -1.000000 -1.000000 20.592210 -1.000000 -1.000000 -1.000000 -1.000000 12.503728 -1.000000 -1.000000 -1.000000  7.288589 -1.000000 -1.000000  9.663636 -1.000000 -1.000000 -1.000000 -1.000000 -1.000000 -1.000000 -1.000000 -1.000000 -1.000000 -1.000000 -1.000000 -1.000000 -1.000000
-1.000000  7.192022 -1.000000 -1.000000 -1.000000 -1.000000 -1.000000 -1.000000 -1.000000 -1.000000 -1.000000 -1.000000 -1.000000 -1.000000 -1.000000 -1.000000 -1.000000 11.352154 -1.000000 -1.000000 -1.000000 -1.000000 -1.000000 -1.000000 10.239140 -1.000000 -1.000000 -1.000000 -1.000000 -1.000000 -1.000000 -1.000000 -1.000000
-1.000000 -1.000000 -1.000000 11.072165 -1.000000 -1.000000 -1.000000 18.973707 -1.000000 -1.000000 -1.000000 -1.000000  8.815562 -1.000000 -1.000000 -1.000000 10.870860 -1.000000 11.917673 12.803004 -1.000000 -1.000000 -1.000000 -1.000000 -1.000000 -1.000000 -1.000000 -1.000000 -1.000000 -1.000000 -1.000000 -1.000000 -1.000000
10.732843 12.466501 11.433785  5.405286  9.495485  8.617004 10.470769 21.932502 11.614170 22.920868 10.447662 11.360644  8.943716  7.258243  9.316468  6.263135  7.108984  9.768829 11.149191  7.635328 23.191145 -1.000000  8.204668  6.746945 11.681048 19.629591  7.378347  8.419142  8.867210  9.320425 14.109695 11.906884 -1.000000
-1.000000  9.156995 -1.000000 -1.000000 -1.000000 -1.000000 -1.000000 -1.000000 -1.000000 -1.000000 -1.000000 -1.000000 -1.000000 -1.000000 -1.000000 -1.000000 -1.000000  9.319029 -1.000000 -1.000000 -1.000000 -1.000000 -1.000000 -1.000000  8.165136 -1.000000 -1.000000 -1.000000 -1.000000 -1.000000 -1.000000 -1.000000 -1.000000
-1.000000 -1.000000 -1.000000 11.190467 -1.000000 -1.000000 -1.000000 19.287381 -1.000000 -1.000000 -1.000000 -1.000000 11.410821 -1.000000 -1.000000 -1.000000 10.276545 -1.000000  9.307873 14.393627 -1.000000 -1.000000 -1.000000 -1.000000 -1.000000 -1.000000 -1.000000 -1.000000 -1.000000 -1.000000 -1.000000 -1.000000 -1.000000
-1.000000 -1.000000 -1.000000 11.778381 -1.000000 -1.000000 -1.000000 18.294973 -1.000000 -1.000000 -1.000000 -1.000000 12.386703 -1.000000 -1.000000 -1.000000 11.171488 -1.000000  9.104211  7.439680 -1.000000 -1.000000 -1.000000 -1.000000 -1.000000 -1.000000 -1.000000 -1.000000 -1.000000 -1.000000 -1.000000 -1.000000 -1.000000
-1.000000  9.921395 -1.000000 -1.000000 -1.000000 -1.000000 -1.000000 -1.000000 -1.000000 -1.000000 -1.000000 -1.000000 -1.000000 -1.000000 -1.000000 -1.000000 -1.000000 11.020941 -1.000000 -1.000000 -1.000000 -1.000000 -1.000000 -1.000000  9.382351 -1.000000 -1.000000 -1.000000 -1.000000 -1.000000 -1.000000 -1.000000 -1.000000
-1.000000 10.692865 -1.000000 -1.000000 -1.000000 -1.000000 -1.000000 -1.000000 -1.000000 -1.000000 -1.000000 -1.000000 -1.000000 -1.000000 -1.000000 -1.000000 -1.000000  6.208407 -1.000000 -1.000000 -1.000000 -1.000000 -1.000000 -1.000000 12.582262 -1.000000 -1.000000 -1.000000 -1.000000 -1.000000 -1.000000 -1.000000 -1.000000
-1.000000 -1.000000 -1.000000 10.186810 -1.000000 -1.000000 -1.000000 21.373460 -1.000000 -1.000000 -1.000000 -1.000000 10.223175 -1.000000 -1.000000 -1.000000 12.266375 -1.000000  7.678346 10.385031 -1.000000 -1.000000 -1.000000 -1.000000 -1.000000 -1.000000 -1.000000 -1.000000 -1.000000 -1.000000 -1.000000 -1.000000 -1.000000
-1.000000 -1.000000 -1.000000 13.038061 -1.000000 -1.000000 -1.000000 14.646889 -1.000000 -1.000000 -1.000000 -1.000000 12.502730 -1.000000 -1.000000 -1.000000 11.279221 -1.000000 10.446455 10.400397 -1.000000 -1.000000 -1.000000 -1.000000 -1.000000 -1.000000 -1.000000 -1.000000 -1.000000 -1.000000 -1.000000 -1.000000 -1.000000
-1.000000 13.918126 -1.000000 -1.000000 -1.000000 -1.000000 -1.000000 -1.000000 -1.000000 -1.000000 -1.000000 -1.000000 -1.000000 -1.000000 -1.000000 -1.000000 -1.000000 13.844516 -1.000000 -1.000000 -1.000000 -1.000000 -1.000000 -1.000000 10.662576 -1.000000 -1.000000 -1.000000 -1.000000 -1.000000 -1.000000 -1.000000 -1.000000
-1.000000 11.421423 -1.000000 -1.000000 -1.000000 -1.000000 -1.000000 -1.000000 -1.000000 -1.000000 -1.000000 -1.000000 -1.000000 -1.000000 -1.000000 -1.000000 -1.000000  5.230485 -1.000000 -1.000000 -1.000000 -1.000000 -1.000000 -1.000000 10.081641 -1.000000 -1.000000 -1.000000 -1.000000 -1.000000 -1.000000 -1.000000 -1.000000
-1.000000 -1.000000 -1.000000 10.802763 -1.000000 -1.000000 -1.000000 22.337603 -1.000000 -1.000000 -1.000000 -1.000000 10.986700 -1.000000 -1.000000 -1.000000 11.075029 -1.000000 10.152680  8.894409 -1.000000 -1.000000 -1.000000 -1.000000 -1.000000 -1.000000 -1.000000 -1.000000 -1.000000 -1.000000 -1.000000 -1.000000 -1.000000
 6.779074  8.458209  9.206287 10.900961  5.055676 14.677328  9.185230 14.163827  9.353687 22.106841  7.664258  7.446583  9.845185  9.161014 10.029277 12.277404 11.040264  7.873620  5.954342  9.057076 16.632347 11.357159 10.598255 11.319987 13.058634 22.521598  6.990494  9.784675  9.402040 13.135852  7.587480  9.090767 -1.000000
