-1.000000 16.180170 11.609602 10.124635  7.575306 12.374110  6.361725  8.845531 18.041245 14.347942 12.293264  9.434110  7.483399 20.474712 10.096949 10.034982  8.858612 11.315308 13.607704  7.596396 12.617241 14.953777  8.072007  9.480045  9.906159 18.632169 23.120791  8.627392  8.960744 10.333006 25.160516 10.287954 -1.000000 -1.000000 -1.000000 -1.000000
-1.000000 -1.000000 -1.000000 10.983574 -1.000000 -1.000000 -1.000000 -1.000000 -1.000000 13.118882 -1.000000 11.980782 -1.000000 -1.000000 -1.000000 -1.000000 -1.000000 -1.000000 -1.000000 -1.000000 -1.000000 -1.000000 -1.000000 -1.000000 -1.000000 -1.000000 -1.000000 -1.000000 -1.000000 -1.000000 -1.000000 -1.000000 -1.000000 -1.000000 -1.000000 -1.000000
 8.589893 20.711744 -1.000000  9.717805 13.063771 12.052611 10.095443  7.140037 17.123058  7.956275  9.657421 11.372827 14.002113 17.088073 14.105640 10.861465 10.400144  9.210589  9.132433  9.152015  8.440078 24.118024  6.531355 13.246470 11.969877 13.775324 29.964088 12.881664  9.823485  7.534749 21.229503 11.776719 -1.000000 -1.000000 -1.000000 -1.000000
-1.000000 -1.000000 -1.000000 -1.000000 -1.000000 -1.000000 -1.000000 -1.000000 -1.000000  8.113984 -1.000000 10.065761 -1.000000 -1.000000 -1.000000 -1.000000 -1.000000 -1.000000 -1.000000 -1.000000 -1.000000 -1.000000 -1.000000 -1.000000 -1.000000 -1.000000 -1.000000 -1.000000 -1.000000 -1.000000 -1.000000 -1.000000 -1.000000 -1.000000 -1.000000 -1.000000
10.846069 -1.000000 -1.000000 -1.000000 -1.000000 10.583651 -1.000000  9.908157 -1.000000 -1.000000 11.667732 -1.000000 -1.000000 -1.000000 -1.000000 -1.000000 -1.000000 -1.000000 -1.000000 -1.000000 -1.000000 21.411706 -1.000000 -1.000000  8.587896 -1.000000 12.421660 -1.000000 -1.000000  6.122232 -1.000000 -1.000000 -1.000000 -1.000000 -1.000000 -1.000000
13.222396 -1.000000 -1.000000 -1.000000 -1.000000 -1.000000 -1.000000 10.732411 -1.000000 -1.000000  8.626719 -1.000000 -1.000000 -1.000000 -1.000000 -1.000000 -1.000000 -1.000000 -1.000000 -1.000000 -1.000000 19.651554 -1.000000 -1.000000  9.933696 -1.000000 18.453723 -1.000000 -1.000000  8.374525 -1.000000 -1.000000 -1.000000 -1.000000 -1.000000 -1.000000
 7.742266 24.223785 12.362769  9.348126 13.240486  7.990150 -1.000000 13.566641 15.881309  8.695929  8.675344 10.810627  9.112586 20.914005  9.701243  9.484376 12.202982  8.629016  7.387399 11.243587  6.389382 21.237410 10.017388 11.083183  9.396189 24.384816 10.908236 12.079221 12.789704 10.509310 23.952208  7.713452 -1.000000 -1.000000 -1.000000 -1.000000
 5.495198 15.773534  9.735409 10.740100 11.460869  9.920321 11.481406 -1.000000 27.541357 10.482461 14.155530 10.019133 13.478518 18.471593 10.035875 11.622412 12.681541  9.931515 12.428620 10.313658 12.081057 18.824752 10.608422  8.248725 12.889421 20.465121 17.446698  9.817421  7.048708 10.478318 17.782444  9.254858 -1.000000 -1.000000 -1.000000 -1.000000
11.053536 -1.000000 -1.000000 -1.000000 -1.000000 10.283500 -1.000000 13.407529 -1.000000 -1.000000  7.821693 -1.000000 -1.000000 -1.000000 -1.000000 -1.000000 -1.000000 -1.000000 -1.000000 -1.000000 -1.000000 11.459880 -1.000000 -1.000000  9.381442 -1.000000 25.926875 -1.000000 -1.000000 12.164244 -1.000000 -1.000000 -1.000000 -1.000000 -1.000000 -1.000000
-1.000000 -1.000000 -1.000000  9.143443 -1.000000 -1.000000 -1.000000 -1.000000 -1.000000 -1.000000 -1.000000 12.121152 -1.000000 -1.000000 -1.000000 -1.000000 -1.000000 -1.000000 -1.000000 -1.000000 -1.000000 -1.000000 -1.000000 -1.000000 -1.000000 -1.000000 -1.000000 -1.000000 -1.000000 -1.000000 -1.000000 -1.000000 -1.000000 -1.000000 -1.000000 -1.000000
-1.000000 -1.000000 -1.000000  9.809670 -1.000000 -1.000000 -1.000000 -1.000000 -1.000000 12.370114 -1.000000 10.863186 -1.000000 -1.000000 -1.000000 -1.000000 -1.000000 -1.000000 -1.000000 -1.000000 -1.000000 -1.000000 -1.000000 -1.000000 -1.000000 -1.000000 -1.000000 -1.000000 -1.000000 -1.000000 -1.000000 -1.000000 -1.000000 -1.000000 -1.000000 -1.000000
 6.167643 -1.000000 -1.000000 -1.000000 -1.000000  6.784126 -1.000000  6.932106 -1.000000 -1.000000  9.320562 -1.000000 -1.000000 -1.000000 -1.000000 -1.000000 -1.000000 -1.000000 -1.000000 -1.000000 -1.000000 23.724285 -1.000000 -1.000000  9.719313 -1.000000 18.309975 -1.000000 -1.000000 10.595925 -1.000000 -1.000000 -1.000000 -1.000000 -1.000000 -1.000000
 9.604831 -1.000000 -1.000000 -1.000000 -1.000000 10.247439 -1.000000 12.215348 -1.000000 -1.000000  8.232720 -1.000000 -1.000000 -1.000000 -1.000000 -1.000000 -1.000000 -1.000000 -1.000000 -1.000000 -1.000000 20.929069 -1.000000 -1.000000 11.381666 -1.000000 27.195578 -1.000000 -1.000000 11.953662 -1.000000 -1.000000 -1.000000 -1.000000 -1.000000 -1.000000
11.094041 -1.000000 -1.000000 -1.000000 -1.000000  6.269712 -1.000000 10.707264 -1.000000 -1.000000 10.173046 -1.000000 -1.000000 -1.000000 -1.000000 -1.000000 -1.000000 -1.000000 -1.000000 -1.000000 -1.000000 17.916739 -1.000000 -1.000000 12.206117 -1.000000 22.895085 -1.000000 -1.000000  9.933442 -1.000000 -1.000000 -1.000000 -1.000000 -1.000000 -1.000000
-1.000000 -1.000000 -1.000000  8.694300 -1.000000 -1.000000 -1.000000 -1.000000 -1.000000  7.036049 -1.000000 11.121433 -1.000000 -1.000000 -1.000000 -1.000000 -1.000000 -1.000000 -1.000000 -1.000000 -1.000000 -1.000000 -1.000000 -1.000000 -1.000000 -1.000000 -1.000000 -1.000000 -1.000000 -1.000000 -1.000000 -1.000000 -1.000000 -1.000000 -1.000000 -1.000000
 8.283560 19.623794  9.267430 11.194171  9.519509 14.765527 11.858435  9.444941 18.428393 12.337919  9.350986  8.412175  6.529196 15.826371 11.954992 -1.000000 11.849158  9.046320  6.826903 10.084552 13.172470 19.493564  7.504667  5.779953  7.921691 24.651775 20.350583 11.104139  9.563083  8.315451 18.233236  9.274761 -1.000000 -1.000000 -1.000000 -1.000000
12.639033 -1.000000 -1.000000 -1.000000 -1.000000 10.586214 -1.000000 10.164177 -1.000000 -1.000000  7.647263 -1.000000 -1.000000 -1.000000 -1.000000 -1.000000 -1.000000 -1.000000 -1.000000 -1.000000 -1.000000 26.624430 -1.000000 -1.000000 10.338781 -1.000000 23.892303 -1.000000 -1.000000 13.236729 -1.000000 -1.000000 -1.000000 -1.000000 -1.000000 -1.000000
-1.000000 -1.000000 -1.000000  9.718673 -1.000000 -1.000000 -1.000000 -1.000000 -1.000000 11.635130 -1.000000  9.482622 -1.000000 -1.000000 -1.000000 -1.000000 -1.000000 -1.000000 -1.000000 -1.000000 -1.000000 -1.000000 -1.000000 -1.000000 -1.000000 -1.000000 -1.000000 -1.000000 -1.000000 -1.000000 -1.000000 -1.000000 -1.000000 -1.000000 -1.000000 -1.000000
 7.296615 -1.000000 -1.000000 -1.000000 -1.000000 10.130395 -1.000000 12.577581 -1.000000 -1.000000  9.404779 -1.000000 -1.000000 -1.000000 -1.000000 -1.000000 -1.000000 -1.000000 -1.000000 -1.000000 -1.000000 29.345412 -1.000000 -1.000000 13.899828 -1.000000  9.324550 -1.000000 -1.000000 11.049039 -1.000000 -1.000000 -1.000000 -1.000000 -1.000000 -1.000000
10.105697 -1.000000 -1.000000 -1.000000 -1.000000  9.801785 -1.000000 11.386574 -1.000000 -1.000000 11.010396 -1.000000 -1.000000 -1.000000 -1.000000 -1.000000 -1.000000 -1.000000 -1.000000 -1.000000 -1.000000 16.681222 -1.000000 -1.000000 10.345415 -1.000000 11.584848 -1.000000 -1.000000 12.416282 -1.000000 -1.000000 -1.000000 -1.000000 -1.000000 -1.000000
-1.000000 -1.000000 -1.000000 11.336294 -1.000000 -1.000000 -1.000000 -1.000000 -1.000000 12.696437 -1.000000  8.473836 -1.000000 -1.000000 -1.000000 -1.000000 -1.000000 -1.000000 -1.000000 -1.000000 -1.000000 -1.000000 -1.000000 -1.000000 -1.000000 -1.000000 -1.000000 -1.000000 -1.000000 -1.000000 -1.000000 -1.000000 -1.000000 -1.000000 -1.000000 -1.000000
13.408935 20.771080 12.613029  6.550446  6.576766 10.044193 10.811806 12.537430  9.020491  5.092005  9.535064  9.298089 10.058413 22.311993  9.392447 10.631341  9.291085  8.136424  9.175915  9.152933 11.657118 -1.000000 10.690312  6.281691 10.163838 15.041298 18.894508  9.652278 11.316299  8.169133 11.217508  9.340550 -1.000000 -1.000000 -1.000000 -1.000000
 9.938939 -1.000000 -1.000000 -1.000000 -1.000000  6.867483 -1.000000 12.757364 -1.000000 -1.000000  9.800697 -1.000000 -1.000000 -1.000000 -1.000000 -1.000000 -1.000000 -1.000000 -1.000000 -1.000000 -1.000000 23.241206 -1.000000 -1.000000 10.855983 -1.000000 15.069453 -1.000000 -1.000000 10.969268 -1.000000 -1.000000 -1.000000 -1.000000 -1.000000 -1.000000
11.878170 -1.000000 -1.000000 -1.000000 -1.000000 10.821687 -1.000000 10.716768 -1.000000 -1.000000  8.152530 -1.000000 -1.000000 -1.000000 -1.000000 -1.000000 -1.000000 -1.000000 -1.000000 -1.000000 -1.000000 23.297175 -1.000000 -1.000000 12.619889 -1.000000 20.692968 -1.000000 -1.000000  8.100413 -1.000000 -1.000000 -1.000000 -1.000000 -1.000000 -1.000000
-1.000000 -1.000000 -1.000000  9.930835 -1.000000 -1.000000 -1.000000 -1.000000 -1.000000  9.268228 -1.000000 11.331626 -1.000000 -1.000000 -1.000000 -1.000000 -1.000000 -1.000000 -1.000000 -1.000000 -1.000000 -1.000000 -1.000000 -1.000000 -1.000000 -1.000000 -1.000000 -1.000000 -1.000000 -1.000000 -1.000000 -1.000000 -1.000000 -1.000000 -1.000000 -1.000000
 8.952176 -1.000000 -1.000000 -1.000000 -1.000000 10.399402 -1.000000 11.731194 -1.000000 -1.000000 11.923411 -1.000000 -1.000000 -1.000000 -1.000000 -1.000000 -1.000000 -1.000000 -1.000000 -1.000000 -1.000000 20.602746 -1.000000 -1.000000 15.920344 -1.000000 11.609037 -1.000000 -1.000000  9.190312 -1.000000 -1.000000 -1.000000 -1.000000 -1.000000 -1.000000
10.484800 16.953174 11.629985 11.071535 10.996432 10.182226  8.910095  9.912185 26.189944  9.652120 11.006426 10.823455 10.828701 14.306381 13.470607 10.706466  8.029071  9.892435  7.768286 10.698169  9.170605 19.954996 10.478668 10.832594 10.411987 19.082551 -1.000000 11.172586  8.732460 12.386086 21.879955  9.618496 -1.000000 -1.000000 -1.000000 -1.000000
12.787823 -1.000000 -1.000000 -1.000000 -1.000000 11.362826 -1.000000  8.467685 -1.000000 -1.000000  7.945335 -1.000000 -1.000000 -1.000000 -1.000000 -1.000000 -1.000000 -1.000000 -1.000000 -1.000000 -1.000000 19.791797 -1.000000 -1.000000  5.367738 -1.000000 18.083986 -1.000000 -1.000000 11.918005 -1.000000 -1.000000 -1.000000 -1.000000 -1.000000 -1.000000
 8.852944 -1.000000 -1.000000 -1.000000 -1.000000  8.198379 -1.000000 10.917552 -1.000000 -1.000000  9.744112 -1.000000 -1.000000 -1.000000 -1.000000 -1.000000 -1.000000 -1.000000 -1.000000 -1.000000 -1.000000 22.488666 -1.000000 -1.000000 10.587973 -1.000000 20.181130 -1.000000 -1.000000 12.532637 -1.000000 -1.000000 -1.000000 -1.000000 -1.000000 -1.000000
-1.000000 -1.000000 -1.000000  9.246892 -1.000000 -1.000000 -1.000000 -1.000000 -1.000000 10.107695 -1.000000 10.652619 -1.000000 -1.000000 -1.000000 -1.000000 -1.000000 -1.000000 -1.000000 -1.000000 -1.000000 -1.000000 -1.000000 -1.000000 -1.000000 -1.000000 -1.000000 -1.000000 -1.000000 -1.000000 -1.000000 -1.000000 -1.000000 -1.000000 -1.000000 -1.000000
12.088806 18.404846 10.910365 11.576520  4.983502 10.077343  9.929558 11.428514 17.973041 11.456082 12.118253 13.128430 12.095624 22.385155 10.966491 10.133650 10.986464 12.243693 10.388265 10.734382  7.897066 25.459333  7.663986  9.654812 12.364224 15.555748 18.139860  9.946583  9.000256 11.312577 -1.000000 10.356445 -1.000000 -1.000000 -1.000000 -1.000000
-1.000000 -1.000000 -1.000000  8.584615 -1.000000 -1.000000 -1.000000 -1.000000 -1.000000  7.501981 -1.000000  8.577459 -1.000000 -1.000000 -1.000000 -1.000000 -1.000000 -1.000000 -1.000000 -1.000000 -1.000000 -1.000000 -1.000000 -1.000000 -1.000000 -1.000000 -1.000000 -1.000000 -1.000000 -1.000000 -1.000000 -1.000000 -1.000000 -1.000000 -1.000000 -1.000000
-1.000000 -1.000000 -1.000000 10.639952 -1.000000 -1.000000 -1.000000 -1.000000 -1.000000 14.969882 -1.000000  8.119662 -1.000000 -1.000000 -1.000000 -1.000000 -1.000000 -1.000000 -1.000000 -1.000000 -1.000000 -1.000000 -1.000000 -1.000000 -1.000000 -1.000000 -1.000000 -1.000000 -1.000000 -1.000000 -1.000000 -1.000000 -1.000000 -1.000000 -1.000000 -1.000000
 9.921012 -1.000000 -1.000000 -1.000000 -1.000000  9.965814 -1.000000  5.717013 -1.000000 -1.000000  6.157131 -1.000000 -1.000000 -1.000000 -1.000000 -1.000000 -1.000000 -1.000000 -1.000000 -1.000000 -1.000000 17.058699 -1.000000 -1.000000 10.579159 -1.000000 25.345452 -1.000000 -1.000000  8.837917 -1.000000 -1.000000 -1.000000 -1.000000 -1.000000 -1.000000
-1.000000 -1.000000 -1.000000 -1.000000 -1.000000 -1.000000 -1.000000 -1.000000 -1.000000 -1.000000 -1.000000 -1.000000 -1.000000 -1.000000 -1.000000 -1.000000 -1.000000 -1.000000 -1.000000 -1.000000 -1.000000 -1.000000 -1.000000 -1.000000 -1.000000 -1.000000 -1.000000 -1.000000 -1.000000 -1.000000 -1.000000 -1.000000 -1.000000 -1.000000 -1.000000 -1.000000
 6.603265 22.330387 10.404568 10.985727  7.777166 12.113136  6.984864 10.285888 26.213527 11.588526  4.740137  9.969194 12.591612 18.394817  7.655728 10.086381  9.821512  5.676104  6.590558 11.645661  9.805349 17.075007  8.728273 12.413684 10.691046  7.724673 14.886922 11.818962 11.625747  9.221212 17.258419 14.516444 -1.000000 -1.000000 -1.000000 -1.000000
